demo_catchment/data/raster_dem.asc
ncols        234
nrows        231
xllcorner    0
yllcorner    0
cellsize     1.000000000000
NODATA_value  0
[rows 161 to 183 of 231, columns 0 to 50 of 234]
0 0 0 0 0 0 0 0 0 0 0 0 0 0 0 0 0 0 29.381999969482421875 29.239999771118164062 29.2089996337890625 29.148000717163085938 29.076000213623046875 29.006000518798828125 28.98600006103515625 29.08300018310546875 29.1790008544921875 29.229000091552734375 29.11100006103515625 29.038000106811523438 29.024000167846679688 29.04199981689453125 29.104000091552734375 29.177999496459960938 29.191999435424804688 29.090999603271484375 28.965000152587890625 28.95800018310546875 28.955999374389648438 28.937999725341796875 28.913999557495117188 28.879999160766601562 28.850000381469726562 28.798000335693359375 28.770000457763671875 28.559999465942382812 28.322999954223632812 28.3899993896484375 28.424999237060546875 28.4589996337890625 28.462999343872070312
0 0 0 0 0 0 0 0 0 0 0 0 0 0 0 0 0 0 29.409000396728515625 29.26399993896484375 29.180999755859375 29.13800048828125 29.04000091552734375 29.017999649047851562 28.9720001220703125 29.062999725341796875 29.159000396728515625 29.023000717163085938 29.062000274658203125 29.125 29.080999374389648438 28.968999862670898438 29.02700042724609375 29.162000656127929688 29.188999176025390625 29.136999130249023438 29.037000656127929688 29.024000167846679688 29.05699920654296875 28.947000503540039062 28.934000015258789062 28.966999053955078125 28.9290008544921875 28.822999954223632812 28.590000152587890625 28.349000930786132812 28.377000808715820312 28.391000747680664062 28.4029998779296875 28.413000106811523438 28.423000335693359375
0 0 0 0 0 0 0 0 0 0 0 0 0 0 0 0 0 29.478000640869140625 29.4720001220703125 29.271999359130859375 29.2649993896484375 29.25 29.174999237060546875 28.9720001220703125 28.95800018310546875 29.038000106811523438 29.120000839233398438 28.975999832153320312 29.017000198364257812 29.128000259399414062 29.128000259399414062 28.997999191284179688 28.9850006103515625 29.062999725341796875 29.051000595092773438 29.141000747680664062 29.093999862670898438 29.04000091552734375 29.035999298095703125 29.024999618530273438 29.044000625610351562 29.038999557495117188 28.899000167846679688 28.6399993896484375 28.381000518798828125 28.357999801635742188 28.367000579833984375 28.377000808715820312 28.385999679565429688 28.395000457763671875 28.40399932861328125
0 0 0 0 0 0 0 0 0 0 0 0 0 0 0 0 29.523000717163085938 29.496000289916992188 29.344999313354492188 29.294000625610351562 29.326999664306640625 29.332000732421875 29.299999237060546875 29.253999710083007812 29.108999252319335938 28.951999664306640625 29.023000717163085938 28.961000442504882812 29.031999588012695312 29.08300018310546875 29.114000320434570312 29.0709991455078125 29.024000167846679688 29.011999130249023438 28.9850006103515625 29.045000076293945312 29.108999252319335938 29.062999725341796875 29.031999588012695312 29.06999969482421875 29.087999343872070312 28.97299957275390625 28.677000045776367188 28.381999969482421875 28.363000869750976562 28.367000579833984375 28.37599945068359375 28.385999679565429688 28.395000457763671875 28.40399932861328125 28.413000106811523438
0 0 0 0 0 0 0 0 0 0 0 0 0 0 0 0 29.511999130249023438 29.468999862670898438 29.356000900268554688 29.327999114990234375 29.327999114990234375 29.357999801635742188 29.367000579833984375 29.315999984741210938 29.19499969482421875 29.016000747680664062 29.004999160766601562 28.91699981689453125 29.01300048828125 29.082000732421875 29.125 29.069000244140625 29.034999847412109375 28.997999191284179688 28.98699951171875 29.009000778198242188 29.0709991455078125 29.052999496459960938 29.061000823974609375 29.079999923706054688 28.992000579833984375 28.743000030517578125 28.4290008544921875 28.375 28.370000839233398438 28.37599945068359375 28.385999679565429688 28.395000457763671875 28.40399932861328125 28.413000106811523438 28.410999298095703125
0 0 0 0 0 0 0 0 0 0 0 0 0 0 0 0 29.51300048828125 29.531000137329101562 29.447000503540039062 29.330999374389648438 29.336000442504882812 29.375 29.427000045776367188 29.34600067138671875 29.233999252319335938 29.128999710083007812 29.062000274658203125 28.934000015258789062 28.968000411987304688 29.02899932861328125 29.086999893188476562 29.003000259399414062 28.955999374389648438 28.981000900268554688 29.017000198364257812 29.017000198364257812 29.031000137329101562 29.04199981689453125 29.0540008544921875 29.038000106811523438 28.884000778198242188 28.520000457763671875 28.396999359130859375 28.381999969482421875 28.379999160766601562 28.385000228881835938 28.395000457763671875 28.40399932861328125 28.413000106811523438 28.412000656127929688 28.424999237060546875
0 0 0 0 0 0 0 0 0 0 0 0 0 0 0 0 0 29.517999649047851562 29.493000030517578125 29.384000778198242188 29.315999984741210938 29.381999969482421875 29.38800048828125 29.323999404907226562 29.259000778198242188 29.177000045776367188 29.090000152587890625 29.048999786376953125 29.055999755859375 29.05699920654296875 28.997999191284179688 29.073999404907226562 29.023000717163085938 29.051000595092773438 28.975000381469726562 29.079999923706054688 29.0279998779296875 29.02899932861328125 29.066999435424804688 29.007999420166015625 28.785999298095703125 28.496999740600585938 28.41500091552734375 28.385000228881835938 28.3899993896484375 28.393999099731445312 28.40399932861328125 28.413000106811523438 28.420999526977539062 28.406000137329101562 28.444000244140625
0 0 0 0 0 0 0 0 0 0 0 0 0 0 0 0 0 0 0 29.4720001220703125 29.399000167846679688 29.412000656127929688 29.378000259399414062 29.295000076293945312 29.26300048828125 29.159999847412109375 29.06999969482421875 29.1399993896484375 29.170999526977539062 29.08499908447265625 29.045999526977539062 29.061000823974609375 29.100000381469726562 29.128999710083007812 29.0279998779296875 29.009000778198242188 29.04199981689453125 29.02700042724609375 29.042999267578125 28.9589996337890625 28.770999908447265625 28.52700042724609375 28.430999755859375 28.392999649047851562 28.399000167846679688 28.4029998779296875 28.413000106811523438 28.422000885009765625 28.408000946044921875 28.422000885009765625 28.462999343872070312
0 0 0 0 0 0 0 0 0 0 0 0 0 0 0 0 0 0 0 0 0 29.4160003662109375 29.316999435424804688 29.26300048828125 29.211000442504882812 29.177999496459960938 29.129999160766601562 29.107999801635742188 29.131000518798828125 29.038999557495117188 29.063999176025390625 29.061000823974609375 29.114999771118164062 29.150999069213867188 29.1399993896484375 29.059000015258789062 29.045999526977539062 29.042999267578125 29.048000335693359375 28.947000503540039062 28.774000167846679688 28.572999954223632812 28.465000152587890625 28.423000335693359375 28.409000396728515625 28.413000106811523438 28.422000885009765625 28.41699981689453125 28.400999069213867188 28.440999984741210938 28.482000350952148438
0 0 0 0 0 0 0 0 0 0 0 0 0 0 0 0 0 0 0 0 0 0 0 29.281000137329101562 29.246000289916992188 29.20999908447265625 29.167999267578125 29.117000579833984375 29.072000503540039062 29.059999465942382812 29.080999374389648438 29.118000030517578125 29.149000167846679688 29.16699981689453125 29.13899993896484375 29.106000900268554688 29.055999755859375 29.031000137329101562 28.981000900268554688 28.9029998779296875 28.774000167846679688 28.5970001220703125 28.479999542236328125 28.438999176025390625 28.420999526977539062 28.423000335693359375 28.424999237060546875 28.4029998779296875 28.419000625610351562 28.45999908447265625 28.511999130249023438
0 0 0 0 0 0 0 0 0 0 0 0 0 0 0 0 0 0 0 0 0 0 0 0 0 29.273000717163085938 29.24900054931640625 29.20800018310546875 29.076999664306640625 29.09600067138671875 29.115999221801757812 29.1529998779296875 29.180999755859375 29.186000823974609375 29.162000656127929688 29.107999801635742188 29.062000274658203125 29.020000457763671875 28.951999664306640625 28.870000839233398438 28.75 28.59600067138671875 28.479000091552734375 28.450000762939453125 28.450000762939453125 28.420000076293945312 28.412000656127929688 28.396999359130859375 28.450000762939453125 28.461999893188476562 28.452999114990234375
0 0 0 0 0 0 0 0 0 0 0 0 0 0 0 0 0 0 0 0 0 0 0 0 0 0 29.3209991455078125 29.212999343872070312 29.146999359130859375 29.145000457763671875 29.177000045776367188 29.162000656127929688 29.16699981689453125 29.170000076293945312 29.145999908447265625 29.089000701904296875 29.024000167846679688 28.947999954223632812 28.934999465942382812 28.853000640869140625 28.729999542236328125 28.59600067138671875 28.493999481201171875 28.461000442504882812 28.469999313354492188 28.461000442504882812 28.433000564575195312 28.430999755859375 28.424999237060546875 28.437999725341796875 28.451000213623046875
0 0 0 0 0 0 0 0 0 0 0 0 0 0 0 0 0 0 0 0 0 0 0 0 0 0 29.246999740600585938 29.20800018310546875 29.169000625610351562 29.197000503540039062 29.20800018310546875 29.20999908447265625 29.184000015258789062 29.149999618530273438 29.115999221801757812 29.150999069213867188 29.048999786376953125 28.981000900268554688 28.884000778198242188 28.815000534057617188 28.739000320434570312 28.590000152587890625 28.524000167846679688 28.465000152587890625 28.454999923706054688 28.47299957275390625 28.454000473022460938 28.412000656127929688 28.423000335693359375 28.436000823974609375 28.447999954223632812
0 0 0 0 0 0 0 0 0 0 0 0 0 0 0 0 0 0 0 0 0 0 0 0 0 0 29.22299957275390625 29.19499969482421875 29.207000732421875 29.242000579833984375 29.256999969482421875 29.228000640869140625 29.200000762939453125 29.135999679565429688 29.121999740600585938 29.190999984741210938 29.18199920654296875 29.1100006103515625 28.924999237060546875 28.795999526977539062 28.784999847412109375 28.716999053955078125 28.5970001220703125 28.517000198364257812 28.481000900268554688 28.45800018310546875 28.465000152587890625 28.430999755859375 28.423999786376953125 28.433000564575195312 28.4459991455078125
0 0 0 0 0 0 0 0 0 0 0 0 0 0 0 0 0 0 0 0 0 0 0 0 0 0 29.363000869750976562 29.172000885009765625 29.233999252319335938 29.256999969482421875 29.245000839233398438 29.2220001220703125 29.186000823974609375 29.108999252319335938 29.1959991455078125 29.197000503540039062 29.142999649047851562 29.044000625610351562 28.94499969482421875 28.837999343872070312 28.76399993896484375 28.785999298095703125 28.732999801635742188 28.607000350952148438 28.496000289916992188 28.461000442504882812 28.457000732421875 28.447000503540039062 28.436000823974609375 28.437000274658203125 28.44300079345703125
0 0 0 0 0 0 0 0 0 0 0 0 0 0 0 0 0 0 0 0 0 0 0 0 0 0 29.340000152587890625 29.24900054931640625 29.242000579833984375 29.240999221801757812 29.225000381469726562 29.204999923706054688 29.149999618530273438 29.174999237060546875 29.163999557495117188 29.128000259399414062 29.037000656127929688 28.982999801635742188 28.927999496459960938 28.872999191284179688 28.81800079345703125 28.77700042724609375 28.780000686645507812 28.7350006103515625 28.635000228881835938 28.51300048828125 28.437000274658203125 28.44499969482421875 28.408000946044921875 28.434000015258789062 28.448999404907226562
0 0 0 0 0 0 0 0 0 0 0 0 0 0 0 0 0 0 0 0 0 0 0 0 0 0 29.3040008544921875 29.364999771118164062 29.322999954223632812 29.23699951171875 29.216999053955078125 29.15200042724609375 29.170000076293945312 29.169000625610351562 29.149999618530273438 29.103000640869140625 29.05699920654296875 29.010999679565429688 28.965000152587890625 28.917999267578125 28.871999740600585938 28.826000213623046875 28.785999298095703125 28.77899932861328125 28.739999771118164062 28.620000839233398438 28.5 28.440000534057617188 28.444000244140625 28.40399932861328125 28.451000213623046875
0 0 0 0 0 0 0 0 0 0 0 0 0 0 0 0 0 0 0 0 0 0 0 0 0 0 29.356000900268554688 29.36100006103515625 29.367000579833984375 29.336000442504882812 29.169000625610351562 29.177000045776367188 29.169000625610351562 29.1529998779296875 29.11100006103515625 29.06800079345703125 29.024999618530273438 28.982999801635742188 28.94499969482421875 28.909000396728515625 28.871999740600585938 28.836000442504882812 28.80500030517578125 28.811000823974609375 28.798000335693359375 28.739000320434570312 28.641000747680664062 28.51300048828125 28.447999954223632812 28.457000732421875 28.461999893188476562
0 0 0 0 0 0 0 0 0 0 0 0 0 0 0 0 0 0 0 0 0 0 0 0 0 0 29.357000350952148438 29.379999160766601562 29.370000839233398438 29.351999282836914062 29.350999832153320312 29.177999496459960938 29.18000030517578125 29.145000457763671875 29.108999252319335938 29.072999954223632812 29.035999298095703125 29 28.964000701904296875 28.927000045776367188 28.891000747680664062 28.854999542236328125 28.81999969482421875 28.826000213623046875 28.80500030517578125 28.780000686645507812 28.70999908447265625 28.628999710083007812 28.555999755859375 28.476999282836914062 28.493000030517578125
0 0 0 0 0 0 0 0 0 0 0 0 0 0 0 0 0 0 0 0 0 0 0 0 0 0 0 29.364000320434570312 29.36100006103515625 29.357000350952148438 29.243999481201171875 29.15200042724609375 29.155000686645507812 29.15200042724609375 29.128000259399414062 29.090999603271484375 29.05500030517578125 29.018999099731445312 28.982000350952148438 28.9459991455078125 28.909999847412109375 28.872999191284179688 28.836999893188476562 28.840000152587890625 28.809999465942382812 28.795000076293945312 28.739999771118164062 28.700000762939453125 28.660999298095703125 28.5709991455078125 28.531999588012695312
0 0 0 0 0 0 0 0 0 0 0 0 0 0 0 0 0 0 0 0 0 0 0 0 0 0 0 29.363000869750976562 29.350999832153320312 29.232999801635742188 29.13899993896484375 29.145000457763671875 29.128000259399414062 29.121999740600585938 29.120000839233398438 29.1100006103515625 29.073999404907226562 29.037000656127929688 29.00099945068359375 28.965000152587890625 28.927999496459960938 28.892000198364257812 28.856000900268554688 28.854999542236328125 28.815999984741210938 28.822999954223632812 28.787000656127929688 28.74900054931640625 28.691999435424804688 28.650999069213867188 28.59600067138671875
0 0 0 0 0 0 0 0 0 0 0 0 0 0 0 0 0 0 0 0 0 0 0 0 0 0 0 29.319000244140625 29.294000625610351562 29.149999618530273438 29.146999359130859375 29.136999130249023438 29.128000259399414062 29.106000900268554688 29.089000701904296875 29.086999893188476562 29.089000701904296875 29.055999755859375 29.020000457763671875 28.982999801635742188 28.947000503540039062 28.910999298095703125 28.87400054931640625 28.868999481201171875 28.837999343872070312 28.850999832153320312 28.86199951171875 28.79199981689453125 28.760000228881835938 28.702999114990234375 28.656999588012695312
0 0 0 0 0 0 0 0 0 0 0 0 0 0 0 0 0 0 0 0 0 0 0 0 0 0 0 29.142000198364257812 29.142000198364257812 29.131000518798828125 29.118999481201171875 29.128999710083007812 29.120000839233398438 29.11100006103515625 29.08300018310546875 29.055999755859375 29.0540008544921875 29.059000015258789062 29.038000106811523438 29.002000808715820312 28.965999603271484375 28.9290008544921875 28.892999649047851562 28.884000778198242188 28.864999771118164062 28.878000259399414062 28.88800048828125 28.881000518798828125 28.826999664306640625 28.747999191284179688 28.6959991455078125
