demo_catchment/data/raster_dem.asc
ncols        234
nrows        231
xllcorner    0
yllcorner    0
cellsize     1.000000000000
NODATA_value  0
[rows 0 to 22 of 231, columns 102 to 152 of 234]
0 0 0 0 0 0 0 0 0 0 0 0 0 0 0 0 0 0 0 0 0 0 0 0 0 0 0 0 0 0 0 0 0 0 0 0 0 0 0 0 0 0 0 0 0 0 0 0 0 0 0
0 0 0 0 0 0 0 0 0 0 0 0 0 0 0 0 0 0 0 28.06999969482421875 28.052000045776367188 28.033000946044921875 28.016000747680664062 0 0 0 0 0 0 0 0 0 0 0 0 0 0 0 0 0 0 0 0 0 0 0 0 0 0 0 0
0 0 0 0 0 0 0 0 0 0 0 0 0 0 28.118000030517578125 28.11199951171875 28.113000869750976562 28.100999832153320312 28.086999893188476562 28.072000503540039062 28.05500030517578125 28.037000656127929688 28.017999649047851562 0 0 0 0 0 0 0 0 0 0 0 0 0 0 0 0 0 0 0 0 0 0 0 0 0 0 0 0
0 0 0 0 0 0 0 0 0 28.094999313354492188 28.100999832153320312 28.106000900268554688 28.11199951171875 28.117000579833984375 28.117000579833984375 28.11100006103515625 28.11100006103515625 28.100000381469726562 28.08499908447265625 28.06999969482421875 28.05500030517578125 28.04000091552734375 28.021999359130859375 28.003999710083007812 0 0 0 0 0 0 0 0 0 0 0 0 0 0 0 0 0 0 0 0 0 0 0 0 0 0 0
0 0 0 0 28.045999526977539062 28.045999526977539062 28.045999526977539062 28.055999755859375 28.0839996337890625 28.093000411987304688 28.09799957275390625 28.104000091552734375 28.108999252319335938 28.114000320434570312 28.117000579833984375 28.108999252319335938 28.1100006103515625 28.09799957275390625 28.08300018310546875 28.06800079345703125 28.052999496459960938 28.038000106811523438 28.023000717163085938 28.007999420166015625 0 0 0 0 0 0 0 0 0 0 0 0 0 0 0 0 0 0 0 0 0 0 0 0 0 0 0
0 28.047000885009765625 28.05500030517578125 28.047000885009765625 28.048999786376953125 28.048999786376953125 28.048999786376953125 28.058000564575195312 28.08300018310546875 28.093999862670898438 28.094999313354492188 28.100999832153320312 28.106000900268554688 28.11199951171875 28.114999771118164062 28.107999801635742188 28.107999801635742188 28.09600067138671875 28.080999374389648438 28.065999984741210938 28.051000595092773438 28.035999298095703125 28.021999359130859375 28.006999969482421875 0 0 0 0 0 0 0 0 0 0 0 0 0 0 0 0 0 0 0 0 0 0 0 0 0 0 0
28.045999526977539062 28.048000335693359375 28.05500030517578125 28.05500030517578125 28.051000595092773438 28.051000595092773438 28.051000595092773438 28.059999465942382812 28.082000732421875 28.094999313354492188 28.091999053955078125 28.09799957275390625 28.104000091552734375 28.108999252319335938 28.113000869750976562 28.107999801635742188 28.106000900268554688 28.093999862670898438 28.079000473022460938 28.063999176025390625 28.048999786376953125 28.034999847412109375 28.020000457763671875 28.006999969482421875 0 0 0 0 0 0 0 0 0 0 0 0 0 0 0 0 0 0 0 0 0 0 0 0 0 0 0
28.049999237060546875 28.048000335693359375 28.055999755859375 28.062000274658203125 28.052999496459960938 28.052999496459960938 28.052999496459960938 28.062000274658203125 28.080999374389648438 28.09600067138671875 28.093000411987304688 28.094999313354492188 28.100999832153320312 28.106000900268554688 28.1100006103515625 28.107000350952148438 28.104999542236328125 28.091999053955078125 28.076999664306640625 28.062000274658203125 28.047000885009765625 28.033000946044921875 28.017999649047851562 28.020000457763671875 0 0 0 0 0 0 0 0 0 0 0 0 0 0 0 0 0 0 0 0 0 0 0 0 0 0 0
28.0540008544921875 28.05500030517578125 28.055999755859375 28.063999176025390625 28.0540008544921875 28.055999755859375 28.055999755859375 28.062999725341796875 28.080999374389648438 28.0970001220703125 28.093999862670898438 28.091999053955078125 28.09799957275390625 28.104000091552734375 28.107999801635742188 28.106000900268554688 28.103000640869140625 28.090000152587890625 28.075000762939453125 28.059999465942382812 28.045999526977539062 28.031000137329101562 28.031000137329101562 28.0279998779296875 27.990999221801757812 0 0 0 0 0 0 0 0 0 0 0 0 0 0 0 0 0 0 0 0 0 0 0 0 0 0
28.059000015258789062 28.066999435424804688 28.05699920654296875 28.065000534057617188 28.05699920654296875 28.058000564575195312 28.058000564575195312 28.063999176025390625 28.079999923706054688 28.0970001220703125 28.094999313354492188 28.089000701904296875 28.094999313354492188 28.100999832153320312 28.106000900268554688 28.104999542236328125 28.101999282836914062 28.087999343872070312 28.072999954223632812 28.059000015258789062 28.044000625610351562 28.0410003662109375 28.044000625610351562 28.0279998779296875 28.062999725341796875 0 0 0 0 0 0 0 0 0 0 0 0 0 0 0 0 0 0 0 0 0 0 0 0 0 0
28.062999725341796875 28.0709991455078125 28.062000274658203125 28.065000534057617188 28.063999176025390625 28.059999465942382812 28.059999465942382812 28.065000534057617188 28.082000732421875 28.09799957275390625 28.094999313354492188 28.091999053955078125 28.091999053955078125 28.09799957275390625 28.104000091552734375 28.103000640869140625 28.100000381469726562 28.086000442504882812 28.0709991455078125 28.05699920654296875 28.052000045776367188 28.0540008544921875 28.05699920654296875 28.0279998779296875 28.062000274658203125 0 0 0 0 0 0 0 0 0 0 0 0 0 0 0 0 0 0 0 0 0 0 0 0 0 0
28.066999435424804688 28.075000762939453125 28.082000732421875 28.065999984741210938 28.0709991455078125 28.061000823974609375 28.062999725341796875 28.066999435424804688 28.0839996337890625 28.099000930786132812 28.09600067138671875 28.093999862670898438 28.087999343872070312 28.094999313354492188 28.100999832153320312 28.100999832153320312 28.099000930786132812 28.0839996337890625 28.06999969482421875 28.062000274658203125 28.065000534057617188 28.06800079345703125 28.065000534057617188 28.073999404907226562 28.055999755859375 0 0 0 0 0 0 0 0 0 0 0 0 0 0 0 0 0 0 0 0 0 0 0 0 0 0
28.072000503540039062 28.079999923706054688 28.087999343872070312 28.06999969482421875 28.073999404907226562 28.058000564575195312 28.065000534057617188 28.069000244140625 28.08499908447265625 28.100000381469726562 28.0970001220703125 28.093999862670898438 28.089000701904296875 28.091999053955078125 28.09799957275390625 28.099000930786132812 28.0970001220703125 28.082000732421875 28.072999954223632812 28.076000213623046875 28.077999114990234375 28.080999374389648438 28.087999343872070312 28.069000244140625 28.051000595092773438 28.0709991455078125 0 0 0 0 0 0 0 0 0 0 0 0 0 0 0 0 0 0 0 0 0 0 0 0 0
28.076000213623046875 28.0839996337890625 28.091999053955078125 28.090000152587890625 28.075000762939453125 28.065999984741210938 28.066999435424804688 28.0709991455078125 28.086000442504882812 28.100000381469726562 28.09799957275390625 28.094999313354492188 28.091999053955078125 28.087999343872070312 28.09600067138671875 28.0970001220703125 28.094999313354492188 28.08300018310546875 28.086000442504882812 28.089000701904296875 28.090999603271484375 28.093999862670898438 28.082000732421875 28.063999176025390625 28.045999526977539062 28.0839996337890625 28.0839996337890625 28.121000289916992188 0 0 0 0 0 0 0 0 0 0 0 0 0 0 0 0 0 0 0 0 0 0 0
28.079999923706054688 28.087999343872070312 28.09600067138671875 28.104000091552734375 28.077999114990234375 28.072000503540039062 28.06800079345703125 28.072999954223632812 28.086999893188476562 28.100999832153320312 28.099000930786132812 28.09600067138671875 28.093999862670898438 28.086000442504882812 28.091999053955078125 28.093999862670898438 28.093999862670898438 28.089000701904296875 28.08499908447265625 28.079999923706054688 28.082000732421875 28.076999664306640625 28.06999969482421875 28.045999526977539062 28.035999298095703125 28.038999557495117188 28.05500030517578125 28.094999313354492188 28.09600067138671875 28.239999771118164062 0 0 0 0 0 0 0 0 0 0 0 0 0 0 0 0 0 0 0 0 0
28.0839996337890625 28.091999053955078125 28.100999832153320312 28.108999252319335938 28.0970001220703125 28.079000473022460938 28.065000534057617188 28.075000762939453125 28.087999343872070312 28.101999282836914062 28.099000930786132812 28.0970001220703125 28.087999343872070312 28.093999862670898438 28.08499908447265625 28.087999343872070312 28.079000473022460938 28.087999343872070312 28.076999664306640625 28.065999984741210938 28.049999237060546875 28.025999069213867188 28.02899932861328125 28.024999618530273438 28.024999618530273438 28.02700042724609375 28.04000091552734375 28.077999114990234375 28.089000701904296875 28.13899993896484375 28.204999923706054688 28.211000442504882812 28.281999588012695312 0 0 0 0 0 0 0 0 0 0 0 0 0 0 0 0 0 0
28.089000701904296875 28.0970001220703125 28.104999542236328125 28.113000869750976562 28.117000579833984375 28.08499908447265625 28.06800079345703125 28.0709991455078125 28.066999435424804688 28.100000381469726562 28.148000717163085938 28.099000930786132812 28.075000762939453125 28.075000762939453125 28.052000045776367188 28.055999755859375 28.093999862670898438 28.058000564575195312 28.045000076293945312 28.04199981689453125 27.996000289916992188 27.992000579833984375 28.010999679565429688 28.006000518798828125 28.021999359130859375 28.035999298095703125 28.01399993896484375 28.048000335693359375 28.065999984741210938 28.146999359130859375 28.169000625610351562 28.184999465942382812 28.25 28.268999099731445312 28.356000900268554688 0 0 0 0 0 0 0 0 0 0 0 0 0 0 0 0
28.093000411987304688 28.100999832153320312 28.108999252319335938 28.117000579833984375 28.12400054931640625 28.0839996337890625 28.076999664306640625 28.062000274658203125 28.062999725341796875 28.058000564575195312 28.079999923706054688 28.024000167846679688 28.042999267578125 28.0410003662109375 28.025999069213867188 28.003000259399414062 28.073999404907226562 28.016000747680664062 28.010000228881835938 28.038000106811523438 28.104999542236328125 28.066999435424804688 28.038999557495117188 28.002000808715820312 27.98600006103515625 27.993999481201171875 28.065999984741210938 28.0970001220703125 28.103000640869140625 28.150999069213867188 28.163000106811523438 28.1959991455078125 28.260000228881835938 28.301000595092773438 28.367000579833984375 28.351999282836914062 28.423000335693359375 0 0 0 0 0 0 0 0 0 0 0 0 0 0
28.094999313354492188 28.099000930786132812 28.11100006103515625 28.093000411987304688 28.099000930786132812 28.062000274658203125 28.0540008544921875 28.06800079345703125 28.0410003662109375 28.016000747680664062 28.031000137329101562 28.020999908447265625 28.004999160766601562 28.003000259399414062 27.990999221801757812 27.9850006103515625 28.044000625610351562 28.033000946044921875 27.981000900268554688 28.142000198364257812 28.177000045776367188 28.120000839233398438 28.089000701904296875 28.031999588012695312 27.95999908447265625 27.975000381469726562 28.072000503540039062 28.11199951171875 28.132999420166015625 28.149999618530273438 28.150999069213867188 28.204000473022460938 28.252000808715820312 28.312999725341796875 28.3040008544921875 28.343999862670898438 28.395000457763671875 28.454999923706054688 28.47299957275390625 0 0 0 0 0 0 0 0 0 0 0 0
28.076000213623046875 28.08499908447265625 28.065999984741210938 28.086999893188476562 28.093999862670898438 28.049999237060546875 28.007999420166015625 27.989999771118164062 27.982000350952148438 28.0279998779296875 27.979999542236328125 28.00099945068359375 28.009000778198242188 27.974000930786132812 27.964000701904296875 27.983999252319335938 28.002000808715820312 27.974000930786132812 27.964000701904296875 28.035999298095703125 28.062999725341796875 28.127000808715820312 28.087999343872070312 28.063999176025390625 28.079999923706054688 28.091999053955078125 28.128999710083007812 28.149000167846679688 28.174999237060546875 28.177000045776367188 28.215000152587890625 28.228000640869140625 28.253000259399414062 28.254999160766601562 28.267000198364257812 28.337999343872070312 28.385000228881835938 28.451999664306640625 28.441999435424804688 28.45800018310546875 28.468999862670898438 0 0 0 0 0 0 0 0 0 0
28.024999618530273438 28.016000747680664062 28.006000518798828125 28.05500030517578125 28.062000274658203125 28.004999160766601562 27.975000381469726562 27.966999053955078125 27.95800018310546875 27.954999923706054688 27.968000411987304688 27.969999313354492188 27.989000320434570312 27.944000244140625 27.954000473022460938 27.941999435424804688 27.91500091552734375 27.954000473022460938 28.0149993896484375 28.048000335693359375 28.065999984741210938 28.09600067138671875 28.104000091552734375 28.143999099731445312 28.149999618530273438 28.16699981689453125 28.183000564575195312 28.204999923706054688 28.22100067138671875 28.224000930786132812 28.257999420166015625 28.254999160766601562 28.254999160766601562 28.2649993896484375 28.246000289916992188 28.260999679565429688 28.422000885009765625 28.430999755859375 28.409000396728515625 28.461000442504882812 28.475999832153320312 28.495000839233398438 28.544000625610351562 0 0 0 0 0 0 0 0
27.97100067138671875 28 27.98600006103515625 27.990999221801757812 27.983999252319335938 27.951999664306640625 27.934999465942382812 27.906999588012695312 27.899000167846679688 27.923000335693359375 27.922000885009765625 27.965999603271484375 27.979999542236328125 28.003999710083007812 28.02700042724609375 28.044000625610351562 28.0839996337890625 28.09799957275390625 28.131999969482421875 28.155000686645507812 28.15399932861328125 28.16500091552734375 28.177999496459960938 28.19499969482421875 28.191999435424804688 28.19499969482421875 28.211000442504882812 28.212999343872070312 28.229000091552734375 28.23600006103515625 28.252000808715820312 28.270000457763671875 28.280000686645507812 28.268999099731445312 28.243000030517578125 28.37599945068359375 28.461999893188476562 28.437999725341796875 28.386999130249023438 28.468999862670898438 28.48600006103515625 28.506000518798828125 28.552000045776367188 28.62599945068359375 28.663000106811523438 0 0 0 0 0 0
27.962999343872070312 27.976999282836914062 27.9589996337890625 27.969999313354492188 27.951999664306640625 27.885999679565429688 27.858999252319335938 27.937000274658203125 27.964000701904296875 27.993999481201171875 28.023000717163085938 28.06999969482421875 28.082000732421875 28.113000869750976562 28.107999801635742188 28.13899993896484375 28.149000167846679688 28.159000396728515625 28.15399932861328125 28.173999786376953125 28.173999786376953125 28.162000656127929688 28.184999465942382812 28.198999404907226562 28.202999114990234375 28.198999404907226562 28.200000762939453125 28.2089996337890625 28.232000350952148438 28.243000030517578125 28.254999160766601562 28.26300048828125 28.27899932861328125 28.26399993896484375 28.219999313354492188 28.3209991455078125 28.156000137329101562 28.343999862670898438 28.422000885009765625 28.475000381469726562 28.497999191284179688 28.517000198364257812 28.517000198364257812 28.600000381469726562 28.774000167846679688 28.88800048828125 28.952999114990234375 0 0 0 0
