demo_catchment/data/raster_dem.asc
ncols        234
nrows        231
xllcorner    0
yllcorner    0
cellsize     1.000000000000
NODATA_value  0
[rows 46 to 68 of 231, columns 0 to 50 of 234]
0 0 0 0 0 0 0 0 0 0 0 0 0 0 0 0 0 0 0 0 32.023998260498046875 31.815000534057617188 31.608999252319335938 31.399000167846679688 31.275999069213867188 31.200000762939453125 31.1790008544921875 31.142000198364257812 30.91699981689453125 30.767999649047851562 30.628000259399414062 30.552999496459960938 30.4160003662109375 30.409000396728515625 30.323999404907226562 30.170000076293945312 30.01399993896484375 29.858999252319335938 29.715000152587890625 29.563999176025390625 29.495000839233398438 29.436000823974609375 29.30500030517578125 29.309999465942382812 29.197999954223632812 29.22299957275390625 29.141000747680664062 29.090999603271484375 28.957000732421875 28.920000076293945312 28.94499969482421875
0 0 0 0 0 0 0 0 0 0 0 0 0 0 0 0 0 0 0 0 32.133998870849609375 31.896999359130859375 31.659999847412109375 31.489000320434570312 31.3339996337890625 31.20800018310546875 31.18000030517578125 31.13800048828125 30.9459991455078125 30.8339996337890625 30.691999435424804688 30.660999298095703125 30.504999160766601562 30.440999984741210938 30.371999740600585938 30.190000534057617188 30.0410003662109375 29.863000869750976562 29.649000167846679688 29.614000320434570312 29.510000228881835938 29.462999343872070312 29.344999313354492188 29.336000442504882812 29.245000839233398438 29.212999343872070312 29.170000076293945312 29.114999771118164062 29.004999160766601562 28.968000411987304688 28.934000015258789062
0 0 0 0 0 0 0 0 0 0 0 0 0 0 0 0 0 0 0 32.2220001220703125 32.0839996337890625 31.94499969482421875 31.726999282836914062 31.5410003662109375 31.37400054931640625 31.268999099731445312 31.211000442504882812 31.107000350952148438 31.017000198364257812 30.927000045776367188 30.756999969482421875 30.669000625610351562 30.599000930786132812 30.5279998779296875 30.4029998779296875 30.225000381469726562 30.0709991455078125 29.895000457763671875 29.680999755859375 29.659000396728515625 29.606000900268554688 29.589000701904296875 29.465999603271484375 29.413999557495117188 29.340999603271484375 29.256999969482421875 29.1959991455078125 29.12400054931640625 29.06800079345703125 28.993999481201171875 29.00099945068359375
0 0 0 0 0 0 0 0 0 0 0 0 0 0 0 0 0 0 0 32.20999908447265625 32.116001129150390625 31.965000152587890625 31.725999832153320312 31.524999618530273438 31.40399932861328125 31.298000335693359375 31.22100067138671875 31.156999588012695312 30.969999313354492188 30.97299957275390625 30.878999710083007812 30.733999252319335938 30.614999771118164062 30.517999649047851562 30.409999847412109375 30.274999618530273438 30.118000030517578125 29.906000137329101562 29.840999603271484375 29.74900054931640625 29.677999496459960938 29.608999252319335938 29.54199981689453125 29.468999862670898438 29.393999099731445312 29.298000335693359375 29.202999114990234375 29.1529998779296875 29.093000411987304688 29.0970001220703125 29.042999267578125
0 0 0 0 0 0 0 0 0 0 0 0 0 0 0 0 0 0 0 32.2050018310546875 32.146999359130859375 31.94499969482421875 31.7220001220703125 31.552000045776367188 31.405000686645507812 31.326999664306640625 31.260000228881835938 31.155000686645507812 31.02899932861328125 31.0279998779296875 30.898000717163085938 30.805999755859375 30.649000167846679688 30.520000457763671875 30.340999603271484375 30.2779998779296875 30.197000503540039062 29.9720001220703125 29.895999908447265625 29.795000076293945312 29.73600006103515625 29.65200042724609375 29.572999954223632812 29.489999771118164062 29.413000106811523438 29.323999404907226562 29.229000091552734375 29.24900054931640625 29.145999908447265625 29.079999923706054688 29.024000167846679688
0 0 0 0 0 0 0 0 0 0 0 0 0 0 0 0 0 0 0 32.1360015869140625 32.092998504638671875 31.952999114990234375 31.690000534057617188 31.548999786376953125 31.462999343872070312 31.408000946044921875 31.23699951171875 31.089000701904296875 30.9459991455078125 30.906000137329101562 30.746000289916992188 30.767000198364257812 30.6660003662109375 30.51399993896484375 30.364999771118164062 30.229999542236328125 30.148000717163085938 29.969999313354492188 29.881999969482421875 29.872999191284179688 29.788999557495117188 29.702999114990234375 29.627000808715820312 29.517999649047851562 29.422000885009765625 29.357000350952148438 29.284000396728515625 29.23699951171875 29.177999496459960938 29.075000762939453125 28.920000076293945312
0 0 0 0 0 0 0 0 0 0 0 0 0 0 0 0 0 0 0 32.020000457763671875 31.981000900268554688 31.868999481201171875 31.687000274658203125 31.613000869750976562 31.587999343872070312 31.493000030517578125 31.2220001220703125 31.082000732421875 30.954000473022460938 30.858999252319335938 30.8209991455078125 30.756999969482421875 30.621000289916992188 30.545999526977539062 30.396999359130859375 30.270999908447265625 30.163000106811523438 30.062000274658203125 29.9459991455078125 29.872999191284179688 29.839000701904296875 29.760000228881835938 29.68199920654296875 29.600999832153320312 29.58499908447265625 29.437000274658203125 29.25099945068359375 29.104000091552734375 29.05500030517578125 29.002000808715820312 28.875
0 0 0 0 0 0 0 0 0 0 0 0 0 0 0 0 0 0 0 31.9029998779296875 31.906000137329101562 31.802000045776367188 31.716999053955078125 31.66500091552734375 31.635000228881835938 31.464000701904296875 31.218000411987304688 31.131000518798828125 30.975999832153320312 30.857000350952148438 30.808000564575195312 30.72100067138671875 30.62400054931640625 30.520999908447265625 30.396999359130859375 30.295999526977539062 30.197999954223632812 30.107999801635742188 30.006000518798828125 29.976999282836914062 29.924999237060546875 29.867000579833984375 29.854000091552734375 29.81999969482421875 29.702999114990234375 29.5 29.295999526977539062 29.093000411987304688 28.968999862670898438 28.88899993896484375 28.870000839233398438
0 0 0 0 0 0 0 0 0 0 0 0 0 0 0 0 0 0 0 31.823999404907226562 31.822000503540039062 31.746000289916992188 31.875 31.632999420166015625 31.565000534057617188 31.396999359130859375 31.246000289916992188 31.20800018310546875 31.045999526977539062 30.957000732421875 30.83499908447265625 30.631000518798828125 30.620000839233398438 30.524000167846679688 30.4589996337890625 30.327999114990234375 30.201999664306640625 30.135000228881835938 30.19300079345703125 30.076000213623046875 30.031999588012695312 30.020999908447265625 30.108999252319335938 29.990999221801757812 29.732000350952148438 29.510999679565429688 29.29000091552734375 29.06800079345703125 28.893999099731445312 28.863000869750976562 28.839000701904296875
0 0 0 0 0 0 0 0 0 0 0 0 0 0 0 0 0 0 31.732000350952148438 31.771999359130859375 31.74900054931640625 31.767999649047851562 31.740999221801757812 31.524000167846679688 31.427000045776367188 31.357000350952148438 31.288999557495117188 31.2089996337890625 31.132999420166015625 30.933000564575195312 30.798999786376953125 30.702999114990234375 30.590999603271484375 30.565000534057617188 30.531999588012695312 30.395000457763671875 30.36100006103515625 30.4290008544921875 30.295999526977539062 30.163000106811523438 30.13899993896484375 30.148000717163085938 30.19300079345703125 30.075000762939453125 29.829999923706054688 29.54000091552734375 29.260000228881835938 29.038999557495117188 28.8600006103515625 28.899000167846679688 28.8339996337890625
0 0 0 0 0 0 0 0 0 0 0 0 0 0 0 0 0 0 31.620000839233398438 31.629999160766601562 31.66699981689453125 31.677999496459960938 31.586000442504882812 31.424999237060546875 31.405000686645507812 31.316999435424804688 31.26399993896484375 31.177999496459960938 31.051000595092773438 30.948999404907226562 30.871999740600585938 30.746000289916992188 30.683000564575195312 30.620000839233398438 30.52899932861328125 30.516000747680664062 30.590000152587890625 30.548999786376953125 30.38899993896484375 30.252000808715820312 30.23600006103515625 30.2350006103515625 30.211999893188476562 30.160999298095703125 29.944000244140625 29.65399932861328125 29.385999679565429688 29.093000411987304688 28.968999862670898438 28.908000946044921875 28.822000503540039062
0 0 0 0 0 0 0 0 0 0 0 0 0 0 0 0 0 0 31.502000808715820312 31.518999099731445312 31.569000244140625 31.5709991455078125 31.51399993896484375 31.43000030517578125 31.336000442504882812 31.274000167846679688 31.229999542236328125 31.15200042724609375 31.101999282836914062 31.047000885009765625 30.947000503540039062 30.81800079345703125 30.77899932861328125 30.725000381469726562 30.676000595092773438 30.628999710083007812 30.62599945068359375 30.551000595092773438 30.417999267578125 30.312000274658203125 30.287000656127929688 30.253999710083007812 30.2350006103515625 30.211999893188476562 30.118000030517578125 29.920000076293945312 29.594999313354492188 29.406000137329101562 29.038000106811523438 28.900999069213867188 28.830999374389648438
0 0 0 0 0 0 0 0 0 0 0 0 0 0 0 0 0 0 31.520999908447265625 31.5149993896484375 31.43199920654296875 31.448999404907226562 31.437000274658203125 31.423000335693359375 31.309000015258789062 31.253000259399414062 31.257999420166015625 31.25099945068359375 31.191999435424804688 31.131000518798828125 30.978000640869140625 30.849000930786132812 30.757999420166015625 30.739999771118164062 30.7089996337890625 30.670999526977539062 30.62400054931640625 30.531999588012695312 30.412000656127929688 30.34600067138671875 30.30699920654296875 30.275999069213867188 30.260999679565429688 30.20999908447265625 30.11199951171875 29.992000579833984375 29.81800079345703125 29.628999710083007812 29.150999069213867188 28.968999862670898438 28.809000015258789062
0 0 0 0 0 0 0 0 0 0 0 0 0 0 0 0 0 0 31.524999618530273438 31.437999725341796875 31.434000015258789062 31.422000885009765625 31.336999893188476562 31.326000213623046875 31.284000396728515625 31.292999267578125 31.2910003662109375 31.256999969482421875 31.191999435424804688 31.173000335693359375 31.01399993896484375 30.836999893188476562 30.771999359130859375 30.7220001220703125 30.711999893188476562 30.648000717163085938 30.593999862670898438 30.561000823974609375 30.406000137329101562 30.371999740600585938 30.313999176025390625 30.27899932861328125 30.256000518798828125 30.211000442504882812 30.1100006103515625 30.003999710083007812 29.9160003662109375 29.739999771118164062 29.4160003662109375 29.004999160766601562 28.895000457763671875
0 0 0 0 0 0 0 0 0 0 0 0 0 0 0 0 0 0 31.4589996337890625 31.37599945068359375 31.386999130249023438 31.368000030517578125 31.31800079345703125 31.313999176025390625 31.308000564575195312 31.260999679565429688 31.215999603271484375 31.167999267578125 31.117000579833984375 30.922000885009765625 30.742000579833984375 30.634000778198242188 30.520000457763671875 30.506999969482421875 30.719999313354492188 30.628999710083007812 30.552999496459960938 30.481000900268554688 30.430999755859375 30.382999420166015625 30.326999664306640625 30.295000076293945312 30.238000869750976562 30.201999664306640625 30.131999969482421875 30.038000106811523438 29.93000030517578125 29.802000045776367188 29.580999374389648438 29.09600067138671875 28.940000534057617188
0 0 0 0 0 0 0 0 0 0 0 0 0 0 0 0 0 0 31.461999893188476562 31.385999679565429688 31.312999725341796875 31.327999114990234375 31.315000534057617188 31.2910003662109375 31.239000320434570312 31.1790008544921875 31.128000259399414062 31.076000213623046875 30.905000686645507812 30.70999908447265625 30.5149993896484375 30.319000244140625 30.1529998779296875 30.033000946044921875 30.240999221801757812 30.47100067138671875 30.562999725341796875 30.5 30.448999404907226562 30.392999649047851562 30.343999862670898438 30.305999755859375 30.256000518798828125 30.1959991455078125 30.125 30.069000244140625 29.98600006103515625 29.871999740600585938 29.673999786376953125 29.202999114990234375 28.951999664306640625
0 0 0 0 0 0 0 0 0 0 0 0 0 0 0 0 0 0 31.465000152587890625 31.363000869750976562 31.315000534057617188 31.323999404907226562 31.319000244140625 31.268999099731445312 31.13899993896484375 31.086999893188476562 31.035999298095703125 30.88800048828125 30.69300079345703125 30.497999191284179688 30.302999496459960938 30.107999801635742188 29.913000106811523438 29.729000091552734375 29.812000274658203125 30.0709991455078125 30.36100006103515625 30.475000381469726562 30.440000534057617188 30.386999130249023438 30.353000640869140625 30.305999755859375 30.25099945068359375 30.20800018310546875 30.1529998779296875 30.086999893188476562 30.002000808715820312 29.9160003662109375 29.702999114990234375 29.336999893188476562 28.965999603271484375
0 0 0 0 0 0 0 0 0 0 0 0 0 0 0 0 0 0 31.413000106811523438 31.341999053955078125 31.343999862670898438 31.344999313354492188 31.298999786376953125 31.170999526977539062 31.047000885009765625 30.995000839233398438 30.870000839233398438 30.674999237060546875 30.479999542236328125 30.284999847412109375 30.090000152587890625 29.895000457763671875 29.700000762939453125 29.504999160766601562 29.48600006103515625 29.80699920654296875 30.128000259399414062 30.447000503540039062 30.434000015258789062 30.384000778198242188 30.336000442504882812 30.323999404907226562 30.292999267578125 30.259000778198242188 30.201000213623046875 30.073999404907226562 29.9850006103515625 29.951999664306640625 29.753999710083007812 29.274000167846679688 28.976999282836914062
0 0 0 0 0 0 0 0 0 0 0 0 0 0 0 0 0 0 0 31.283000946044921875 31.29000091552734375 31.256999969482421875 31.1959991455078125 31.0540008544921875 30.954999923706054688 30.853000640869140625 30.658000946044921875 30.462999343872070312 30.267999649047851562 30.072999954223632812 29.881999969482421875 29.746000289916992188 29.61100006103515625 29.507999420166015625 29.577999114990234375 29.802999496459960938 30.103000640869140625 30.4290008544921875 30.396999359130859375 30.33499908447265625 30.322999954223632812 30.326999664306640625 30.322999954223632812 30.260000228881835938 30.184000015258789062 30.107000350952148438 30.038999557495117188 29.881000518798828125 29.426000595092773438 29.059000015258789062 28.83499908447265625
0 0 0 0 0 0 0 0 0 0 0 0 0 0 0 0 0 0 0 0 31.23699951171875 31.207000732421875 31.129999160766601562 30.9290008544921875 30.83499908447265625 30.6399993896484375 30.44499969482421875 30.270000457763671875 30.135000228881835938 29.99900054931640625 29.864000320434570312 29.728000640869140625 29.593000411987304688 29.645999908447265625 29.715999603271484375 29.836999893188476562 30.121000289916992188 30.271999359130859375 30.274999618530273438 30.340000152587890625 30.396999359130859375 30.384000778198242188 30.3209991455078125 30.26399993896484375 30.19499969482421875 30.077999114990234375 29.868000030517578125 29.417999267578125 29.12599945068359375 28.968999862670898438 28.844999313354492188
0 0 0 0 0 0 0 0 0 0 0 0 0 0 0 0 0 0 0 0 31.1660003662109375 31.145999908447265625 31.12400054931640625 30.81800079345703125 30.659000396728515625 30.523000717163085938 30.38800048828125 30.252000808715820312 30.117000579833984375 29.981000900268554688 29.84600067138671875 29.70999908447265625 29.712999343872070312 29.783000946044921875 29.853000640869140625 29.923000335693359375 30.155000686645507812 30.202999114990234375 30.267000198364257812 30.437000274658203125 30.558000564575195312 30.399000167846679688 30.330999374389648438 30.216999053955078125 30.011999130249023438 29.75099945068359375 29.582000732421875 29.332000732421875 29.09600067138671875 29.002000808715820312 28.840000152587890625
0 0 0 0 0 0 0 0 0 0 0 0 0 0 0 0 0 0 0 0 0 31.044000625610351562 30.899999618530273438 30.79000091552734375 30.641000747680664062 30.504999160766601562 30.370000839233398438 30.2350006103515625 30.099000930786132812 29.964000701904296875 29.827999114990234375 29.781000137329101562 29.850999832153320312 29.920999526977539062 29.990999221801757812 30.061000823974609375 30.188999176025390625 30.134000778198242188 30.294000625610351562 30.465999603271484375 30.562999725341796875 30.427000045776367188 30.4029998779296875 30.2649993896484375 29.826000213623046875 29.686000823974609375 29.549999237060546875 29.354000091552734375 29.143999099731445312 28.990999221801757812 28.836999893188476562
0 0 0 0 0 0 0 0 0 0 0 0 0 0 0 0 0 0 0 0 0 0 30.978000640869140625 30.8040008544921875 30.622999191284179688 30.488000869750976562 30.351999282836914062 30.216999053955078125 30.080999374389648438 29.9459991455078125 29.849000930786132812 29.919000625610351562 29.988000869750976562 30.058000564575195312 30.128000259399414062 30.197999954223632812 30.190999984741210938 30.187999725341796875 30.315000534057617188 30.47100067138671875 30.492000579833984375 30.454999923706054688 30.44300079345703125 30.368999481201171875 29.9589996337890625 29.729999542236328125 29.58300018310546875 29.381999969482421875 29.212999343872070312 29.127000808715820312 28.997999191284179688
