demo_catchment/data/raster_dem.asc
ncols        234
nrows        231
xllcorner    0
yllcorner    0
cellsize     1.000000000000
NODATA_value  0
[rows 138 to 160 of 231, columns 0 to 50 of 234]
0 0 0 0 0 0 0 0 0 0 0 0 0 0 0 0 0 0 0 0 0 28.8600006103515625 28.826999664306640625 29.00099945068359375 28.938999176025390625 28.86100006103515625 28.724000930786132812 28.795000076293945312 28.813999176025390625 28.809000015258789062 28.856000900268554688 28.719999313354492188 28.670000076293945312 28.628999710083007812 28.650999069213867188 28.579999923706054688 28.507999420166015625 28.511999130249023438 28.579999923706054688 28.535999298095703125 28.5 28.490999221801757812 28.506000518798828125 28.590000152587890625 28.670000076293945312 28.839000701904296875 28.954999923706054688 29.010999679565429688 29.031999588012695312 29.02700042724609375 29.059999465942382812
0 0 0 0 0 0 0 0 0 0 0 0 0 0 0 0 0 0 0 0 0 28.7350006103515625 28.714000701904296875 28.843000411987304688 28.886999130249023438 28.830999374389648438 28.746000289916992188 28.742000579833984375 28.812999725341796875 28.691999435424804688 28.659999847412109375 28.631000518798828125 28.5970001220703125 28.607999801635742188 28.634000778198242188 28.5709991455078125 28.52899932861328125 28.535999298095703125 28.56800079345703125 28.538000106811523438 28.5 28.462999343872070312 28.493000030517578125 28.533000946044921875 28.590999603271484375 28.725000381469726562 28.881000518798828125 28.923999786376953125 28.917999267578125 28.964000701904296875 29.020000457763671875
0 0 0 0 0 0 0 0 0 0 0 0 0 0 0 0 0 0 0 0 0 28.747999191284179688 28.700000762939453125 28.715000152587890625 28.784999847412109375 28.759000778198242188 28.724000930786132812 28.704000473022460938 28.72100067138671875 28.718000411987304688 28.746000289916992188 28.7350006103515625 28.701000213623046875 28.683000564575195312 28.635000228881835938 28.607000350952148438 28.525999069213867188 28.504999160766601562 28.51300048828125 28.525999069213867188 28.503000259399414062 28.461999893188476562 28.437999725341796875 28.518999099731445312 28.642000198364257812 28.757999420166015625 28.836000442504882812 28.90200042724609375 28.93199920654296875 28.93000030517578125 28.9850006103515625
0 0 0 0 0 0 0 0 0 0 0 0 0 0 0 0 0 0 0 0 0 28.80699920654296875 28.7779998779296875 28.75 28.715000152587890625 28.704999923706054688 28.72299957275390625 28.8209991455078125 28.809000015258789062 28.84799957275390625 28.841999053955078125 28.81800079345703125 28.739999771118164062 28.715000152587890625 28.628000259399414062 28.621999740600585938 28.600000381469726562 28.591999053955078125 28.52899932861328125 28.469999313354492188 28.521999359130859375 28.496999740600585938 28.45800018310546875 28.5709991455078125 28.63800048828125 28.714000701904296875 28.795999526977539062 28.899999618530273438 28.98600006103515625 28.93199920654296875 28.955999374389648438
0 0 0 0 0 0 0 0 0 0 0 0 0 0 0 0 0 0 0 0 0 28.843999862670898438 28.836999893188476562 28.753000259399414062 28.747999191284179688 28.739000320434570312 28.783000946044921875 28.79199981689453125 28.798000335693359375 28.8470001220703125 28.886999130249023438 28.871999740600585938 28.746000289916992188 28.725000381469726562 28.70999908447265625 28.643999099731445312 28.573999404907226562 28.662000656127929688 28.520999908447265625 28.482000350952148438 28.517999649047851562 28.478000640869140625 28.448999404907226562 28.5410003662109375 28.572999954223632812 28.600999832153320312 28.77899932861328125 28.841999053955078125 28.909000396728515625 28.885000228881835938 28.91500091552734375
0 0 0 0 0 0 0 0 0 0 0 0 0 0 0 0 0 0 0 0 0 28.8470001220703125 28.841999053955078125 28.768999099731445312 28.701000213623046875 28.70999908447265625 28.739000320434570312 28.739999771118164062 28.836999893188476562 28.77899932861328125 28.8600006103515625 28.822999954223632812 28.794000625610351562 28.760000228881835938 28.742000579833984375 28.72100067138671875 28.711000442504882812 28.711000442504882812 28.569000244140625 28.524000167846679688 28.534999847412109375 28.50099945068359375 28.417999267578125 28.549999237060546875 28.534000396728515625 28.521999359130859375 28.662000656127929688 28.75099945068359375 28.812999725341796875 28.84600067138671875 28.9290008544921875
0 0 0 0 0 0 0 0 0 0 0 0 0 0 0 0 0 0 0 0 0 28.788999557495117188 28.728000640869140625 28.663999557495117188 28.683000564575195312 28.718999862670898438 28.767999649047851562 28.742000579833984375 28.725000381469726562 28.742000579833984375 28.798999786376953125 28.79000091552734375 28.812999725341796875 28.839000701904296875 28.885999679565429688 28.825000762939453125 28.773000717163085938 28.743000030517578125 28.621999740600585938 28.461999893188476562 28.511999130249023438 28.43199920654296875 28.450000762939453125 28.476999282836914062 28.492000579833984375 28.542999267578125 28.645000457763671875 28.784999847412109375 28.878000259399414062 28.856000900268554688 28.933000564575195312
0 0 0 0 0 0 0 0 0 0 0 0 0 0 0 0 0 0 0 0 0 28.752000808715820312 28.752000808715820312 28.701999664306640625 28.714000701904296875 28.759000778198242188 28.822999954223632812 28.756000518798828125 28.684999465942382812 28.697000503540039062 28.742000579833984375 28.792999267578125 28.785999298095703125 28.872999191284179688 29.00099945068359375 28.95999908447265625 28.773000717163085938 28.684000015258789062 28.642000198364257812 28.56999969482421875 28.493000030517578125 28.427000045776367188 28.441999435424804688 28.452999114990234375 28.48600006103515625 28.535999298095703125 28.587999343872070312 28.72100067138671875 28.783000946044921875 28.83499908447265625 28.868999481201171875
0 0 0 0 0 0 0 0 0 0 0 0 0 0 0 0 0 0 0 0 0 28.663000106811523438 28.673999786376953125 28.725000381469726562 28.743999481201171875 28.783000946044921875 28.840999603271484375 28.768999099731445312 28.650999069213867188 28.66500091552734375 28.686000823974609375 28.743999481201171875 28.697999954223632812 28.798999786376953125 28.865999221801757812 28.882999420166015625 28.7779998779296875 28.7220001220703125 28.613000869750976562 28.572999954223632812 28.497999191284179688 28.4459991455078125 28.424999237060546875 28.424999237060546875 28.454999923706054688 28.534999847412109375 28.594999313354492188 28.641000747680664062 28.767999649047851562 28.684999465942382812 28.746999740600585938
0 0 0 0 0 0 0 0 0 0 0 0 0 0 0 0 0 0 0 0 0 28.739999771118164062 28.746000289916992188 28.783000946044921875 28.784000396728515625 28.757999420166015625 28.8470001220703125 28.871999740600585938 28.8600006103515625 28.805999755859375 28.773000717163085938 28.732999801635742188 28.746999740600585938 28.753999710083007812 28.87400054931640625 28.940000534057617188 28.858999252319335938 28.725999832153320312 28.688999176025390625 28.614999771118164062 28.575000762939453125 28.461000442504882812 28.48600006103515625 28.441999435424804688 28.423999786376953125 28.479000091552734375 28.524000167846679688 28.569000244140625 28.663999557495117188 28.562999725341796875 28.59600067138671875
0 0 0 0 0 0 0 0 0 0 0 0 0 0 0 0 0 0 0 0 0 28.773000717163085938 28.770999908447265625 28.813999176025390625 28.784999847412109375 28.766000747680664062 28.822999954223632812 28.808000564575195312 28.770999908447265625 28.756000518798828125 28.823999404907226562 28.795000076293945312 28.738000869750976562 28.812999725341796875 29.0410003662109375 29.034000396728515625 28.936000823974609375 28.811000823974609375 28.725999832153320312 28.628999710083007812 28.656999588012695312 28.586999893188476562 28.558000564575195312 28.496000289916992188 28.430999755859375 28.479999542236328125 28.490999221801757812 28.5149993896484375 28.576000213623046875 28.562999725341796875 28.5410003662109375
0 0 0 0 0 0 0 0 0 0 0 0 0 0 0 0 0 0 0 0 28.84799957275390625 28.839000701904296875 28.836999893188476562 28.815000534057617188 28.826000213623046875 28.712999343872070312 28.76399993896484375 28.711999893188476562 28.756999969482421875 28.811000823974609375 28.875 28.815999984741210938 28.726999282836914062 28.75099945068359375 28.877000808715820312 28.993000030517578125 28.9290008544921875 28.9029998779296875 28.774000167846679688 28.63800048828125 28.614999771118164062 28.489000320434570312 28.489999771118164062 28.631000518798828125 28.572999954223632812 28.510999679565429688 28.520000457763671875 28.59799957275390625 28.690999984741210938 28.775999069213867188 28.768999099731445312
0 0 0 0 0 0 0 0 0 0 0 0 0 0 0 0 0 0 0 0 28.899000167846679688 28.927000045776367188 28.951999664306640625 28.843999862670898438 28.854999542236328125 28.739000320434570312 28.715999603271484375 28.773000717163085938 28.816999435424804688 28.84799957275390625 28.865999221801757812 28.8040008544921875 28.813999176025390625 28.787000656127929688 28.841999053955078125 28.8899993896484375 28.934000015258789062 28.97100067138671875 28.844999313354492188 28.680999755859375 28.565999984741210938 28.552999496459960938 28.5 28.531999588012695312 28.562000274658203125 28.509000778198242188 28.464000701904296875 28.545000076293945312 28.65200042724609375 28.771999359130859375 28.895999908447265625
0 0 0 0 0 0 0 0 0 0 0 0 0 0 0 0 0 0 0 0 28.965000152587890625 28.951000213623046875 28.968999862670898438 28.934999465942382812 28.892000198364257812 28.768999099731445312 28.81999969482421875 28.785999298095703125 28.815999984741210938 28.83499908447265625 28.84799957275390625 28.8600006103515625 28.850999832153320312 28.867000579833984375 28.884000778198242188 28.870000839233398438 28.892999649047851562 28.898000717163085938 28.844999313354492188 28.697999954223632812 28.608999252319335938 28.538999557495117188 28.521999359130859375 28.555999755859375 28.55699920654296875 28.483999252319335938 28.440000534057617188 28.510000228881835938 28.49900054931640625 28.538999557495117188 28.698999404907226562
0 0 0 0 0 0 0 0 0 0 0 0 0 0 0 0 0 0 0 28.743000030517578125 28.783000946044921875 28.854000091552734375 28.854999542236328125 28.802000045776367188 28.770000457763671875 28.822000503540039062 28.815000534057617188 28.788000106811523438 28.8040008544921875 28.81800079345703125 28.830999374389648438 28.86100006103515625 28.905000686645507812 28.854000091552734375 28.857000350952148438 28.844999313354492188 28.837999343872070312 28.83300018310546875 28.770000457763671875 28.645000457763671875 28.593999862670898438 28.524999618530273438 28.545000076293945312 28.579000473022460938 28.551000595092773438 28.489000320434570312 28.436000823974609375 28.51300048828125 28.590000152587890625 28.642999649047851562 28.61100006103515625
0 0 0 0 0 0 0 0 0 0 0 0 0 0 0 0 0 0 0 28.809000015258789062 28.705999374389648438 28.892999649047851562 28.996000289916992188 28.9029998779296875 28.81999969482421875 28.781000137329101562 28.781999588012695312 28.80699920654296875 28.877000808715820312 28.826999664306640625 28.871999740600585938 28.854999542236328125 28.900999069213867188 28.792999267578125 28.841999053955078125 28.7649993896484375 28.809999465942382812 28.757999420166015625 28.687999725341796875 28.59600067138671875 28.562999725341796875 28.533000946044921875 28.55699920654296875 28.569000244140625 28.566999435424804688 28.552999496459960938 28.506999969482421875 28.579000473022460938 28.607999801635742188 28.684999465942382812 28.646999359130859375
0 0 0 0 0 0 0 0 0 0 0 0 0 0 0 0 0 0 0 28.825000762939453125 28.934999465942382812 28.920000076293945312 28.885000228881835938 28.83499908447265625 28.90200042724609375 28.8339996337890625 28.805999755859375 28.81999969482421875 28.823999404907226562 28.870000839233398438 28.83499908447265625 28.819000244140625 28.88800048828125 28.760999679565429688 28.79199981689453125 28.767000198364257812 28.815000534057617188 28.767999649047851562 28.635000228881835938 28.572000503540039062 28.493999481201171875 28.482000350952148438 28.495000839233398438 28.503999710083007812 28.49900054931640625 28.493999481201171875 28.555999755859375 28.663000106811523438 28.701999664306640625 28.732999801635742188 28.63899993896484375
0 0 0 0 0 0 0 0 0 0 0 0 0 0 0 0 0 0 28.896999359130859375 28.936000823974609375 28.996000289916992188 28.908000946044921875 28.8600006103515625 28.802999496459960938 28.878999710083007812 28.792999267578125 28.809999465942382812 28.826000213623046875 28.84600067138671875 28.882999420166015625 28.799999237060546875 28.882999420166015625 28.88899993896484375 28.728000640869140625 28.73600006103515625 28.7220001220703125 28.684999465942382812 28.617000579833984375 28.618000030517578125 28.559000015258789062 28.495000839233398438 28.423999786376953125 28.433000564575195312 28.437000274658203125 28.43199920654296875 28.523000717163085938 28.614000320434570312 28.677999496459960938 28.752000808715820312 28.6100006103515625 28.565000534057617188
0 0 0 0 0 0 0 0 0 0 0 0 0 0 0 0 0 0 28.98699951171875 28.906000137329101562 28.863000869750976562 28.857999801635742188 28.853000640869140625 28.844999313354492188 28.871999740600585938 28.808000564575195312 28.823999404907226562 28.843999862670898438 28.87599945068359375 28.919000625610351562 28.962999343872070312 29.011999130249023438 28.927999496459960938 28.856000900268554688 28.77700042724609375 28.7350006103515625 28.676000595092773438 28.607999801635742188 28.620000839233398438 28.562999725341796875 28.49900054931640625 28.413000106811523438 28.368999481201171875 28.398000717163085938 28.489000320434570312 28.591999053955078125 28.701999664306640625 28.642999649047851562 28.62400054931640625 28.648000717163085938 28.645000457763671875
0 0 0 0 0 0 0 0 0 0 0 0 0 0 0 0 0 0 29.143999099731445312 28.996999740600585938 28.836999893188476562 28.871000289916992188 28.974000930786132812 29.045000076293945312 28.968000411987304688 28.837999343872070312 28.843000411987304688 28.870000839233398438 28.910999298095703125 28.954000473022460938 29.042999267578125 29.142000198364257812 29.148000717163085938 29.010999679565429688 28.93199920654296875 28.81999969482421875 28.753000259399414062 28.701999664306640625 28.621999740600585938 28.561000823974609375 28.548999786376953125 28.547000885009765625 28.481000900268554688 28.573999404907226562 28.688999176025390625 28.822000503540039062 28.891000747680664062 28.805999755859375 28.58499908447265625 28.5970001220703125 28.645000457763671875
0 0 0 0 0 0 0 0 0 0 0 0 0 0 0 0 0 0 29.224000930786132812 29.13899993896484375 29.062000274658203125 29.066999435424804688 29.0709991455078125 29.037000656127929688 28.919000625610351562 28.850000381469726562 28.86100006103515625 28.895000457763671875 28.9459991455078125 29.006000518798828125 29.048000335693359375 29.187000274658203125 29.238000869750976562 29.142000198364257812 29.0149993896484375 28.90200042724609375 28.825000762939453125 28.768999099731445312 28.631999969482421875 28.590000152587890625 28.600999832153320312 28.702999114990234375 28.711000442504882812 28.759000778198242188 28.739000320434570312 28.919000625610351562 28.927999496459960938 28.912000656127929688 28.631999969482421875 28.534000396728515625 28.61199951171875
0 0 0 0 0 0 0 0 0 0 0 0 0 0 0 0 0 0 29.246000289916992188 29.2089996337890625 29.09600067138671875 29.093000411987304688 29.086000442504882812 29.045999526977539062 28.957000732421875 28.844999313354492188 29.058000564575195312 29.024999618530273438 28.924999237060546875 29.009000778198242188 29.01300048828125 29.131999969482421875 29.211999893188476562 29.207000732421875 29.06999969482421875 28.975000381469726562 28.898000717163085938 28.799999237060546875 28.599000930786132812 28.697999954223632812 28.700000762939453125 28.905000686645507812 28.843999862670898438 28.819000244140625 28.934000015258789062 28.909000396728515625 28.886999130249023438 28.68199920654296875 28.462999343872070312 28.48699951171875 28.506999969482421875
0 0 0 0 0 0 0 0 0 0 0 0 0 0 0 0 0 0 29.268999099731445312 29.233999252319335938 29.128000259399414062 29.134000778198242188 29.093000411987304688 29.02899932861328125 28.940999984741210938 28.995000839233398438 29.106000900268554688 29.169000625610351562 29.075000762939453125 28.989999771118164062 28.996999740600585938 29.08499908447265625 29.176000595092773438 29.225999832153320312 29.156999588012695312 29.04199981689453125 28.94499969482421875 28.843999862670898438 28.875 28.853000640869140625 28.792999267578125 28.851999282836914062 28.826999664306640625 28.802999496459960938 28.843000411987304688 28.830999374389648438 28.587999343872070312 28.406000137329101562 28.4589996337890625 28.481000900268554688 28.479000091552734375
