demo_catchment/out/SWMM_in/demo_catchment_adap_subcatchments.asc
ncols        234
nrows        231
xllcorner    0.000000
yllcorner    0.000000
cellsize     1.000000
NODATA_value  -1
[rows 59 to 117 of 231, columns 0 to 95 of 234]
-1 -1 -1 -1 -1 -1 -1 -1 -1 -1 -1 -1 -1 -1 -1 -1 -1 -1 -1 785 785 777 777 0 0 748 748 748 748 748 1305 1305 748 748 768 769 0 0 0 745 734 734 735 735 620 620 620 620 620 620 620 620 620 620 620 620 620 620 620 620 620 620 620 620 644 644 644 644 655 510 510 510 510 510 510 510 510 510 510 633 633 633 665 659 660 873 873 873 873 873 873 873 873 882 883 866
-1 -1 -1 -1 -1 -1 -1 -1 -1 -1 -1 -1 -1 -1 -1 -1 -1 -1 -1 785 785 777 777 778 776 748 748 748 1304 1301 1301 1301 1301 748 748 748 766 0 744 744 734 734 734 734 620 620 620 620 620 620 620 620 620 620 620 620 620 620 620 620 620 620 620 620 620 644 644 644 644 651 510 510 510 510 510 510 510 510 510 633 633 633 658 659 660 873 873 873 873 873 873 873 873 882 882 866
-1 -1 -1 -1 -1 -1 -1 -1 -1 -1 -1 -1 -1 -1 -1 -1 -1 -1 -1 785 785 777 777 777 748 748 1303 1301 1301 1301 1301 1301 1301 748 748 748 748 763 743 743 733 733 733 733 620 620 620 620 620 620 620 620 620 620 620 620 620 620 620 620 620 620 620 620 620 620 644 644 644 644 510 510 510 510 510 510 510 510 510 633 633 633 652 657 657 873 873 873 873 873 873 873 873 876 876 866
-1 -1 -1 -1 -1 -1 -1 -1 -1 -1 -1 -1 -1 -1 -1 -1 -1 -1 -1 785 785 785 787 1302 1301 1301 1301 1301 1301 1301 1301 1301 1301 1301 748 748 748 762 742 742 740 620 620 620 620 620 620 620 620 620 620 620 620 620 620 620 620 620 620 620 620 620 620 620 620 620 632 632 632 632 510 510 510 510 510 510 510 510 510 633 633 633 633 656 657 873 873 873 873 873 873 873 868 876 875 864
-1 -1 -1 -1 -1 -1 -1 -1 -1 -1 -1 -1 -1 -1 -1 -1 -1 -1 -1 782 782 783 785 779 1301 1301 1301 1301 1301 1301 1301 1301 1301 1301 748 748 748 748 749 750 620 620 620 620 620 620 620 620 620 620 620 620 620 620 620 620 620 620 620 620 620 620 620 620 620 620 620 632 632 632 510 510 510 510 510 510 510 510 510 510 629 633 633 853 856 664 887 887 873 873 873 874 828 828 828 828
-1 -1 -1 -1 -1 -1 -1 -1 -1 -1 -1 -1 -1 -1 -1 -1 -1 -1 -1 -1 782 782 783 779 1301 1301 1301 1301 1301 1301 1301 1301 1301 1301 1301 748 748 748 620 620 620 620 620 620 620 620 620 620 620 620 620 620 620 620 620 620 620 620 620 620 620 620 620 620 620 620 620 620 620 620 632 510 510 510 510 510 510 510 510 510 847 848 846 846 855 902 891 828 828 828 828 828 828 828 828 828
-1 -1 -1 -1 -1 -1 -1 -1 -1 -1 -1 -1 -1 -1 -1 -1 -1 -1 -1 -1 -1 782 782 779 1301 1301 1301 1301 1301 1301 1301 1301 1301 1301 1301 748 748 748 748 620 620 620 620 620 620 620 620 620 620 620 620 620 620 620 620 620 620 620 620 620 620 620 620 620 620 620 620 620 620 620 620 510 510 510 510 510 510 510 510 788 788 846 842 842 846 828 828 828 828 828 828 828 828 828 828 828
-1 -1 -1 -1 -1 -1 -1 -1 -1 -1 -1 -1 -1 -1 -1 -1 -1 -1 -1 -1 -1 780 781 779 779 1301 1301 1301 1301 1301 1301 1301 1301 1301 1301 748 748 748 753 753 620 620 620 620 620 620 620 620 620 620 620 620 620 620 620 620 620 620 620 620 620 620 620 620 620 620 620 620 620 620 620 620 510 510 510 510 510 510 510 788 788 842 842 842 846 828 828 828 828 828 828 828 828 828 828 828
-1 -1 -1 -1 -1 -1 -1 -1 -1 -1 -1 -1 -1 -1 -1 -1 -1 -1 -1 -1 -1 -1 780 779 779 1301 1301 1301 1301 1301 1301 1301 1301 1301 1301 1301 748 748 758 758 620 620 620 620 620 620 620 620 620 620 620 620 620 620 620 620 620 620 620 620 620 620 620 620 620 620 620 620 620 620 608 608 510 510 510 510 510 510 510 788 788 837 837 842 830 830 814 828 828 828 828 828 828 828 828 828
-1 -1 -1 -1 -1 -1 -1 -1 -1 -1 -1 -1 -1 -1 -1 -1 -1 -1 -1 -1 -1 -1 -1 779 779 779 1301 1301 1301 1301 1301 1301 1301 1301 1301 1301 748 748 757 757 620 620 620 620 620 620 620 620 620 620 620 620 620 620 620 620 620 620 620 620 620 620 620 620 649 650 620 620 620 601 601 601 608 510 510 510 510 510 510 788 788 788 831 830 830 824 814 814 828 828 828 828 828 828 828 828
-1 -1 -1 -1 -1 -1 -1 -1 -1 -1 -1 -1 -1 -1 -1 -1 -1 -1 -1 -1 -1 -1 -1 -1 779 779 1301 1301 1301 1301 1301 1301 1301 1301 1301 1301 1301 748 760 760 620 620 620 620 620 620 620 620 620 620 620 620 620 620 620 620 620 620 620 620 620 620 662 662 662 649 643 620 620 601 601 601 601 510 510 510 510 510 788 788 788 788 825 830 824 814 814 814 803 803 803 828 828 828 828 828
-1 -1 -1 -1 -1 -1 -1 -1 -1 -1 -1 -1 -1 -1 -1 -1 -1 -1 -1 -1 -1 -1 -1 -1 779 779 779 1301 1301 1301 1301 1301 1301 1301 1301 1301 1301 748 761 761 765 620 620 620 620 620 620 620 620 620 620 620 620 620 620 620 620 620 620 620 680 654 654 654 654 654 654 620 605 600 600 600 600 510 510 510 510 510 788 788 788 788 788 824 814 814 803 803 803 803 803 805 822 822 822 828
-1 -1 -1 -1 -1 -1 -1 -1 -1 -1 -1 -1 -1 -1 -1 -1 -1 -1 -1 -1 -1 -1 -1 -1 775 775 775 1301 1301 1301 1301 1301 1301 1301 1301 1301 1301 748 765 765 765 620 620 620 620 620 620 620 620 620 620 620 620 620 620 620 620 620 620 683 654 654 654 654 654 654 627 628 619 605 606 607 599 510 510 510 510 510 510 788 788 788 788 814 810 813 803 803 803 803 805 838 822 822 822 822
-1 -1 -1 -1 -1 -1 -1 -1 -1 -1 -1 -1 -1 -1 -1 -1 -1 -1 -1 -1 -1 -1 -1 -1 775 775 775 1301 1301 1301 1301 1301 1301 1301 1301 748 748 748 764 764 764 620 620 620 620 620 620 620 620 620 620 620 620 620 620 620 692 692 687 654 654 654 654 654 654 631 624 624 618 612 605 606 510 510 510 510 510 510 510 510 788 788 788 810 813 809 803 803 803 805 838 838 820 820 822 822
-1 -1 -1 -1 -1 -1 -1 -1 -1 -1 -1 -1 -1 -1 -1 -1 -1 -1 -1 -1 -1 -1 -1 -1 775 775 775 775 1301 1301 1301 1301 770 770 770 767 767 767 767 764 764 620 620 620 620 620 620 620 620 620 620 620 620 620 692 692 692 687 648 648 648 648 648 642 604 604 626 623 617 618 510 510 510 510 510 510 510 510 510 510 788 788 788 788 809 800 802 803 804 805 808 838 819 820 821 822
-1 -1 -1 -1 -1 -1 -1 -1 -1 -1 -1 -1 -1 -1 -1 -1 -1 -1 -1 -1 -1 -1 -1 -1 775 775 775 775 1301 1301 770 770 770 771 767 767 767 767 767 767 764 620 620 620 620 620 620 620 620 620 620 620 620 692 692 692 687 648 648 648 648 648 648 648 604 604 604 604 604 604 604 510 510 510 510 510 510 510 510 510 510 788 788 788 800 801 802 803 804 805 808 788 788 788 788 788
-1 -1 -1 -1 -1 -1 -1 -1 -1 -1 -1 -1 -1 -1 -1 -1 -1 -1 -1 -1 -1 -1 -1 -1 775 775 775 775 775 775 774 772 773 771 767 767 767 767 767 701 701 620 620 620 620 620 620 620 620 620 620 705 705 687 687 687 648 648 648 1300 648 648 648 648 604 604 604 604 604 604 604 510 510 510 510 510 510 510 510 510 510 788 788 788 788 801 802 788 788 788 788 788 788 788 788 788
-1 -1 -1 -1 -1 -1 -1 -1 -1 -1 -1 -1 -1 -1 -1 -1 -1 -1 -1 -1 -1 -1 -1 -1 775 775 775 775 775 775 774 772 773 771 767 767 767 767 701 701 701 701 701 701 620 620 701 701 701 620 698 693 648 648 648 648 1300 1300 1300 1300 1300 648 648 648 604 604 604 604 604 604 595 510 510 576 510 510 510 510 510 510 510 788 788 788 788 788 788 788 788 788 788 788 788 788 788 788
-1 -1 -1 -1 -1 -1 -1 -1 -1 -1 -1 -1 -1 -1 -1 -1 -1 -1 -1 -1 -1 -1 -1 -1 775 775 775 775 775 775 774 774 773 771 767 701 701 701 701 701 701 701 701 701 701 701 701 701 701 701 697 648 648 648 648 1300 1300 1300 1300 1300 1300 648 648 648 604 604 604 604 604 604 595 591 583 575 510 510 510 510 510 510 510 510 788 788 788 788 788 788 788 788 788 788 788 788 788 788
-1 -1 -1 -1 -1 -1 -1 -1 -1 -1 -1 -1 -1 -1 -1 -1 -1 -1 -1 -1 -1 -1 -1 -1 -1 775 775 775 775 775 774 774 774 767 701 701 701 701 701 701 701 701 701 701 701 717 648 648 648 648 648 1300 1300 1300 1300 1300 1300 1300 1300 1300 1300 1300 648 647 604 604 604 604 604 595 591 590 582 572 572 510 510 510 510 510 510 510 788 788 788 788 788 788 788 788 788 788 788 788 788 788
-1 -1 -1 -1 -1 -1 -1 -1 -1 -1 -1 -1 -1 -1 -1 -1 -1 -1 -1 -1 -1 -1 -1 -1 -1 0 0 0 0 0 0 0 755 701 701 701 701 701 701 701 701 701 701 701 722 648 648 1300 1300 1300 1300 1300 1300 1300 1300 1300 1300 1300 1300 1300 1300 1300 1300 646 641 604 604 637 611 598 590 589 581 563 563 563 563 510 510 510 510 510 510 788 788 788 788 788 788 788 788 788 788 788 788 788
-1 -1 -1 -1 -1 -1 -1 -1 -1 -1 -1 -1 -1 -1 -1 -1 -1 -1 -1 -1 -1 -1 -1 -1 -1 -1 0 0 0 0 0 0 755 755 701 701 701 701 701 701 701 701 732 729 722 648 1300 1300 1300 1300 1300 1300 1300 1300 1300 1300 1300 1300 1300 1300 1300 1300 641 641 638 639 640 611 611 598 597 581 580 563 547 547 547 548 510 510 510 510 510 788 788 788 788 788 788 788 788 788 788 788 788 788
-1 -1 -1 -1 -1 -1 -1 -1 -1 -1 -1 -1 -1 -1 -1 -1 -1 -1 -1 -1 -1 -1 -1 -1 -1 -1 -1 0 0 0 0 0 755 755 701 701 747 741 738 739 736 1300 737 1300 1300 1300 1300 1300 1300 1300 1300 1300 1300 1300 1300 1300 1300 1300 1300 1300 1300 1300 1300 641 639 640 611 611 611 598 581 580 566 566 547 547 547 547 510 510 510 510 510 788 788 788 788 788 788 788 788 788 788 788 788 788
-1 -1 -1 -1 -1 -1 -1 -1 -1 -1 -1 -1 -1 -1 -1 -1 -1 -1 -1 -1 -1 -1 -1 -1 -1 -1 -1 -1 0 0 0 0 755 755 755 752 752 741 741 1300 1300 1300 1300 1300 1300 1300 1300 1300 1300 1300 1300 1300 1300 1300 1300 1300 1300 1300 1300 1300 1300 1300 1300 641 640 611 611 611 611 580 580 565 565 565 532 532 532 540 540 510 510 510 510 510 788 788 788 788 788 788 788 788 788 788 788 788
-1 -1 -1 -1 -1 -1 -1 -1 -1 -1 -1 -1 -1 -1 -1 -1 -1 -1 -1 -1 -1 -1 -1 -1 -1 -1 -1 -1 -1 0 0 0 759 756 752 752 752 1300 1300 1300 1300 1300 1300 1300 1300 1300 1300 1300 1300 1300 1300 1300 1300 1300 1300 1300 1300 1300 1300 1300 1300 1300 1300 1300 557 557 611 611 580 580 580 565 565 557 546 532 532 532 539 510 510 510 510 510 510 788 788 788 788 788 788 788 788 788 788 788
-1 -1 -1 -1 -1 -1 -1 -1 -1 -1 -1 -1 -1 -1 -1 -1 -1 -1 -1 -1 -1 -1 -1 -1 -1 -1 -1 -1 -1 0 0 0 756 756 1300 1300 1300 1300 1300 1300 1300 1300 1300 1300 1300 1300 1300 1300 1300 1300 1300 1300 1300 1300 1300 1300 1300 1300 1300 1300 1300 1300 1300 1300 557 557 611 580 565 565 565 557 557 545 545 532 532 532 532 510 510 510 510 510 510 788 788 788 788 788 788 788 788 788 788 788
-1 -1 -1 -1 -1 -1 -1 -1 -1 -1 -1 -1 -1 -1 -1 -1 -1 -1 -1 -1 -1 -1 -1 -1 -1 -1 -1 -1 -1 -1 0 1300 1300 1300 1300 1300 1300 1300 1300 1300 1300 1300 1300 1300 1300 1300 1300 1300 1300 1300 1300 1300 1300 1300 1300 1300 1300 1300 1300 1300 1300 1300 1300 557 557 557 557 565 565 557 557 557 558 556 544 531 531 531 531 532 510 510 510 510 510 788 788 788 788 788 788 788 788 788 788 788
-1 -1 -1 -1 -1 -1 -1 -1 -1 -1 -1 -1 -1 -1 -1 -1 -1 -1 -1 -1 -1 -1 -1 -1 -1 -1 -1 -1 -1 -1 -1 1300 1300 1300 1300 1300 1300 1300 1300 1300 1300 1300 1300 1300 1300 1300 1300 1300 1300 1300 1300 1300 1300 1300 1300 1300 1300 1300 1300 1300 1300 1300 557 557 557 557 557 557 557 562 562 562 530 530 530 531 530 530 530 531 510 510 510 510 510 510 788 788 788 788 788 788 788 788 788 788
-1 -1 -1 -1 -1 -1 -1 -1 -1 -1 -1 -1 -1 -1 -1 -1 -1 -1 -1 -1 -1 -1 -1 -1 -1 -1 -1 -1 -1 -1 -1 1300 1300 1300 1300 1300 1300 1300 1300 1300 1300 1300 1300 1300 1300 1300 1300 1300 1300 1300 1300 1300 1300 1300 1300 1300 1300 1300 557 557 557 557 557 557 557 557 557 557 574 570 571 564 530 528 528 530 530 530 530 530 530 510 510 510 510 788 788 788 788 788 788 788 788 788 788 788
-1 -1 -1 -1 -1 -1 -1 -1 -1 -1 -1 -1 -1 -1 -1 -1 -1 -1 -1 -1 -1 -1 -1 -1 -1 -1 -1 -1 -1 -1 -1 -1 1300 1300 1300 1300 1300 1300 1300 1300 1300 1300 1300 1300 1300 1300 1300 1300 1300 1300 1300 1300 1300 1300 1300 1300 614 557 557 636 630 625 557 610 594 594 587 588 588 570 571 571 528 528 528 528 528 529 529 529 529 510 510 510 510 788 788 788 788 788 788 788 788 788 788 788
-1 -1 -1 -1 -1 -1 -1 -1 -1 -1 -1 -1 -1 -1 -1 -1 -1 -1 -1 -1 -1 -1 -1 -1 -1 -1 -1 -1 -1 -1 -1 -1 1300 1300 1300 1300 1300 1300 1300 1300 1300 1300 1300 1300 1300 1300 1300 1300 1300 1300 1300 622 622 622 622 614 614 615 616 596 596 593 561 594 594 594 587 588 588 588 528 528 528 528 528 528 528 529 528 528 528 510 510 510 510 510 788 788 788 788 788 788 788 788 788 788
-1 -1 -1 -1 -1 -1 -1 -1 -1 -1 -1 -1 -1 -1 -1 -1 -1 -1 -1 -1 -1 -1 -1 -1 -1 -1 -1 -1 -1 -1 -1 -1 1300 1300 1300 1300 1300 1300 1300 1300 1300 1300 1300 1300 1300 1300 1300 1300 1300 622 622 622 622 635 622 622 569 569 569 569 596 579 561 523 594 594 587 588 588 528 528 528 528 528 528 528 528 528 528 528 528 528 510 510 510 510 510 510 788 788 788 788 788 788 788 788
-1 -1 -1 -1 -1 -1 -1 -1 -1 -1 -1 -1 -1 -1 -1 -1 -1 -1 -1 -1 -1 -1 -1 -1 -1 -1 -1 -1 -1 -1 -1 -1 -1 1300 1300 1300 1300 1300 1300 1300 1300 1300 1300 1300 1300 1300 1300 1300 622 622 622 622 634 634 573 573 573 573 569 569 596 586 579 561 523 528 528 528 528 528 528 528 528 528 528 528 528 528 528 528 527 527 510 510 510 510 510 510 788 788 788 788 788 788 788 788
-1 -1 -1 -1 -1 -1 -1 -1 -1 -1 -1 -1 -1 -1 -1 -1 -1 -1 -1 -1 -1 -1 -1 -1 -1 -1 -1 -1 -1 -1 -1 -1 -1 1300 1300 1300 1300 1300 1300 1300 1300 1300 1300 671 671 671 671 671 622 622 653 645 634 573 573 573 573 573 573 569 569 569 561 561 561 523 528 528 528 528 528 528 528 528 528 528 528 528 528 527 525 525 510 510 510 510 510 510 788 788 788 788 788 788 788 788
-1 -1 -1 -1 -1 -1 -1 -1 -1 -1 -1 -1 -1 -1 -1 -1 -1 -1 -1 -1 -1 -1 -1 -1 -1 -1 -1 -1 -1 -1 -1 -1 -1 -1 1300 1300 1300 1300 1300 1300 691 671 671 671 671 671 671 671 602 603 573 573 573 573 573 573 573 573 573 573 569 569 569 561 561 561 523 523 523 523 528 528 528 528 528 528 528 528 526 526 524 524 510 510 510 510 510 510 788 788 788 788 788 788 788 788
-1 -1 -1 -1 -1 -1 -1 -1 -1 -1 -1 -1 -1 -1 -1 -1 -1 -1 -1 -1 -1 -1 -1 -1 -1 -1 -1 -1 -1 -1 -1 -1 -1 -1 1300 1300 1300 1300 1300 691 691 691 686 686 671 671 671 677 602 602 603 585 585 573 573 573 573 573 573 573 573 569 569 569 561 561 523 523 523 523 523 523 523 523 523 523 523 523 526 526 526 510 510 510 510 510 510 510 788 788 788 788 788 788 788 788
-1 -1 -1 -1 -1 -1 -1 -1 -1 -1 -1 -1 -1 -1 -1 -1 -1 -1 -1 -1 -1 -1 -1 -1 -1 -1 -1 -1 -1 -1 -1 -1 -1 -1 -1 1300 1300 1300 691 691 0 0 689 0 0 0 0 0 602 602 603 603 585 585 585 585 585 585 573 573 573 573 569 569 569 561 561 555 555 523 523 523 523 523 523 523 523 523 523 523 523 523 510 510 510 510 510 510 788 788 788 788 788 788 788 788
-1 -1 -1 -1 -1 -1 -1 -1 -1 -1 -1 -1 -1 -1 -1 -1 -1 -1 -1 -1 -1 -1 -1 -1 -1 -1 -1 -1 -1 -1 -1 -1 -1 -1 -1 0 0 0 0 0 0 0 0 0 0 0 0 0 0 602 602 603 603 585 585 585 585 585 585 573 573 573 567 567 568 554 554 554 554 543 522 522 522 522 523 523 523 523 522 522 522 522 522 522 510 510 510 510 510 788 788 788 788 788 788 788
-1 -1 -1 -1 -1 -1 -1 -1 -1 -1 -1 -1 -1 -1 -1 -1 -1 -1 -1 -1 -1 -1 -1 -1 -1 -1 -1 -1 -1 -1 -1 -1 -1 -1 -1 -1 0 0 0 0 0 0 0 0 0 0 0 0 0 0 602 603 603 603 585 585 585 585 585 573 573 573 573 578 541 541 541 541 542 522 522 522 522 522 522 522 522 522 522 522 522 521 521 521 520 510 510 510 510 510 788 788 788 788 788 0
-1 -1 -1 -1 -1 -1 -1 -1 -1 -1 -1 -1 -1 -1 -1 -1 -1 -1 -1 -1 -1 -1 -1 -1 -1 -1 -1 -1 -1 -1 -1 -1 -1 -1 -1 -1 0 0 0 0 0 0 0 0 0 0 0 0 0 0 0 602 603 603 603 585 585 585 585 585 573 573 573 541 541 541 541 541 541 522 522 522 522 522 522 522 522 522 522 522 519 519 519 519 519 510 510 510 510 510 510 788 788 788 791 0
-1 -1 -1 -1 -1 -1 -1 -1 -1 -1 -1 -1 -1 -1 -1 -1 -1 -1 -1 -1 -1 -1 -1 -1 -1 -1 -1 -1 -1 -1 -1 -1 -1 -1 -1 -1 -1 0 0 0 0 0 0 0 0 0 0 0 0 0 0 602 603 603 603 603 585 585 585 585 585 577 541 541 541 553 553 553 522 522 522 522 522 522 522 522 522 522 522 518 518 518 518 518 518 518 510 510 510 510 510 788 788 788 790 790
-1 -1 -1 -1 -1 -1 -1 -1 -1 -1 -1 -1 -1 -1 -1 -1 -1 -1 -1 -1 -1 -1 -1 -1 -1 -1 -1 -1 -1 -1 -1 -1 -1 -1 -1 -1 -1 0 0 0 0 0 0 0 0 0 0 0 0 0 0 602 602 602 602 603 603 603 584 584 584 541 541 541 552 552 552 552 522 522 522 522 522 522 522 522 522 522 518 512 512 512 512 512 517 517 510 510 510 510 510 788 788 788 788 790
-1 -1 -1 -1 -1 -1 -1 -1 -1 -1 -1 -1 -1 -1 -1 -1 -1 -1 -1 -1 -1 -1 -1 -1 -1 -1 -1 -1 -1 -1 -1 -1 -1 -1 -1 -1 -1 -1 0 0 0 0 0 0 0 0 0 0 0 0 0 602 602 602 602 602 602 602 592 592 1204 1200 1200 541 552 552 552 522 522 522 522 522 522 522 522 522 512 512 512 512 512 512 512 512 512 516 515 510 510 510 510 510 788 788 788 789
-1 -1 -1 -1 -1 -1 -1 -1 -1 -1 -1 -1 -1 -1 -1 -1 -1 -1 -1 -1 -1 -1 -1 -1 -1 -1 -1 -1 -1 -1 -1 -1 -1 -1 -1 -1 -1 -1 0 0 0 0 0 0 0 0 0 0 0 0 0 0 602 602 613 613 609 1205 1204 1204 1204 1200 1200 1203 560 560 522 522 522 522 522 522 522 522 522 512 512 512 512 512 512 512 512 512 512 514 514 510 510 510 510 510 788 788 788 788
-1 -1 -1 -1 -1 -1 -1 -1 -1 -1 -1 -1 -1 -1 -1 -1 -1 -1 -1 -1 -1 -1 -1 -1 -1 -1 -1 -1 -1 -1 -1 -1 -1 -1 -1 -1 -1 -1 -1 0 0 0 0 0 0 0 0 0 0 0 0 0 0 621 621 621 609 1205 1205 1204 1204 1204 1203 1203 560 559 522 522 522 522 522 522 522 522 512 512 512 512 512 512 512 512 512 512 512 512 513 510 510 510 510 510 0 0 0 0
-1 -1 -1 -1 -1 -1 -1 -1 -1 -1 -1 -1 -1 -1 -1 -1 -1 -1 -1 -1 -1 -1 -1 -1 -1 -1 -1 -1 -1 -1 -1 -1 -1 -1 -1 -1 -1 -1 -1 0 0 0 0 0 0 0 0 0 0 0 0 0 0 0 621 609 609 609 1205 1205 1205 1203 1203 1203 1202 550 551 522 522 522 522 522 512 512 512 512 512 512 512 512 512 512 512 512 512 512 512 512 510 510 510 510 0 0 0 0
-1 -1 -1 -1 -1 -1 -1 -1 -1 -1 -1 -1 -1 -1 -1 -1 -1 -1 -1 -1 -1 -1 -1 -1 -1 -1 -1 -1 -1 -1 -1 -1 -1 -1 -1 -1 -1 -1 -1 -1 0 0 0 0 0 0 0 0 0 0 0 0 0 0 0 609 1205 1205 1205 1205 1205 1203 1203 1202 1202 550 550 512 512 512 512 512 512 512 512 512 512 512 512 512 512 512 512 512 512 512 512 511 0 0 0 0 0 0 0 0
-1 -1 -1 -1 -1 -1 -1 -1 -1 -1 -1 -1 -1 -1 -1 -1 -1 -1 -1 -1 -1 -1 -1 -1 -1 -1 -1 -1 -1 -1 -1 -1 -1 -1 -1 -1 -1 -1 -1 -1 0 0 0 0 0 0 0 0 0 0 0 0 0 0 0 0 0 0 0 1205 1205 1201 1201 1201 1201 549 549 512 512 512 512 512 512 512 512 512 512 512 512 512 512 512 512 512 512 512 512 0 0 0 0 0 0 0 0 0
-1 -1 -1 -1 -1 -1 -1 -1 -1 -1 -1 -1 -1 -1 -1 -1 -1 -1 -1 -1 -1 -1 -1 -1 -1 -1 -1 -1 -1 -1 -1 -1 -1 -1 -1 -1 -1 -1 -1 -1 -1 0 0 0 0 0 0 0 0 0 0 0 0 0 0 0 0 0 0 0 0 1201 1201 1201 1201 1199 538 538 512 512 512 512 512 512 512 512 512 512 512 512 512 512 512 512 512 512 512 0 0 0 0 0 0 0 0 0
-1 -1 -1 -1 -1 -1 -1 -1 -1 -1 -1 -1 -1 -1 -1 -1 -1 -1 -1 -1 -1 -1 -1 -1 -1 -1 -1 -1 -1 -1 -1 -1 -1 -1 -1 -1 -1 -1 -1 -1 -1 0 0 0 0 0 0 0 0 0 0 0 0 0 0 0 0 0 0 0 0 0 1201 1201 1199 1199 538 537 512 512 512 512 512 512 512 512 512 512 512 0 0 512 512 512 512 512 512 0 0 0 0 0 0 0 0 0
-1 -1 -1 -1 -1 -1 -1 -1 -1 -1 -1 -1 -1 -1 -1 -1 -1 -1 -1 -1 -1 -1 -1 -1 -1 -1 -1 -1 -1 -1 -1 -1 -1 -1 -1 -1 -1 -1 -1 -1 -1 0 0 0 0 0 0 0 0 0 0 0 0 0 0 0 0 0 0 0 0 0 0 0 1199 1199 1198 536 512 512 512 512 512 512 512 512 512 0 0 0 0 0 0 0 0 0 0 0 0 0 0 0 0 0 0 0
-1 -1 -1 -1 -1 -1 -1 -1 -1 -1 -1 -1 -1 -1 -1 -1 -1 -1 -1 -1 -1 -1 -1 -1 -1 -1 -1 -1 -1 -1 -1 -1 -1 -1 -1 -1 -1 -1 -1 -1 -1 -1 0 0 0 0 0 0 0 0 0 0 0 0 0 0 0 0 0 0 0 0 0 0 0 0 0 535 534 512 512 512 512 512 512 512 0 0 0 0 0 0 0 0 0 0 0 0 0 0 0 0 0 0 0 0
-1 -1 -1 -1 -1 -1 -1 -1 -1 -1 -1 -1 -1 -1 -1 -1 -1 -1 -1 -1 -1 -1 -1 -1 -1 -1 -1 -1 -1 -1 -1 -1 -1 -1 -1 -1 -1 -1 -1 -1 -1 -1 0 0 0 0 0 0 0 0 0 0 0 0 0 0 1197 0 0 0 0 0 0 0 0 0 0 0 533 512 512 512 512 0 0 0 0 0 0 0 0 0 0 0 0 0 0 0 0 0 0 0 0 0 0 0
-1 -1 -1 -1 -1 -1 -1 -1 -1 -1 -1 -1 -1 -1 -1 -1 -1 -1 -1 -1 -1 -1 -1 -1 -1 -1 -1 -1 -1 -1 -1 -1 -1 -1 -1 -1 -1 -1 -1 -1 -1 -1 0 0 0 0 0 0 0 0 0 0 0 0 338 338 338 338 0 0 0 0 0 0 0 0 0 0 0 0 0 512 0 0 0 0 0 0 0 0 0 0 0 0 0 0 0 0 0 0 0 0 0 0 0 0
-1 -1 -1 -1 -1 -1 -1 -1 -1 -1 -1 -1 -1 -1 -1 -1 -1 -1 -1 -1 -1 -1 -1 -1 -1 -1 -1 -1 -1 -1 -1 -1 -1 -1 -1 -1 -1 -1 -1 -1 -1 -1 0 0 0 0 0 0 0 0 0 338 338 338 338 338 338 338 338 0 0 0 0 0 0 0 0 0 0 0 0 0 0 0 0 0 0 0 0 0 0 0 0 0 0 0 0 0 0 0 0 0 0 0 0 0
-1 -1 -1 -1 -1 -1 -1 -1 -1 -1 -1 -1 -1 -1 -1 -1 -1 -1 -1 -1 -1 -1 -1 -1 -1 -1 -1 -1 -1 -1 -1 -1 -1 -1 -1 -1 -1 -1 -1 -1 -1 -1 0 0 0 0 0 0 0 0 338 338 338 338 338 338 338 338 338 0 0 0 0 0 0 0 0 0 0 0 0 0 0 0 0 0 0 0 0 0 0 0 0 0 0 0 0 0 0 0 0 0 0 0 0 0
-1 -1 -1 -1 -1 -1 -1 -1 -1 -1 -1 -1 -1 -1 -1 -1 -1 -1 -1 -1 -1 -1 -1 -1 -1 -1 -1 -1 -1 -1 -1 -1 -1 -1 -1 -1 -1 -1 -1 -1 0 0 0 0 0 0 0 0 0 338 338 338 338 338 338 338 338 338 338 0 0 0 0 0 0 0 0 0 0 0 0 0 0 0 0 0 0 0 0 0 0 0 0 0 0 0 0 0 0 0 0 0 0 0 0 0
-1 -1 -1 -1 -1 -1 -1 -1 -1 -1 -1 -1 -1 -1 -1 -1 -1 -1 -1 -1 -1 -1 -1 -1 -1 -1 -1 -1 -1 -1 -1 -1 -1 -1 -1 -1 -1 -1 -1 0 0 0 0 0 0 0 0 0 338 338 338 338 338 338 338 338 338 0 0 0 0 0 0 0 0 0 0 0 0 0 0 0 0 0 0 0 0 0 0 0 0 0 0 0 0 0 0 0 0 0 0 0 0 0 0 0
-1 -1 -1 -1 -1 -1 -1 -1 -1 -1 -1 -1 -1 -1 -1 -1 -1 -1 -1 -1 -1 -1 -1 -1 -1 -1 -1 -1 -1 -1 -1 -1 -1 -1 -1 -1 -1 -1 -1 0 0 0 0 0 338 338 338 338 338 338 338 338 338 338 338 338 0 0 0 0 0 0 0 0 0 0 0 0 0 0 0 0 0 0 0 0 0 0 0 0 0 0 0 0 0 0 0 0 0 0 0 0 0 0 0 0
