demo_catchment/out/SWMM_in/demo_catchment_adap_subcatchments.asc
ncols        234
nrows        231
xllcorner    0.000000
yllcorner    0.000000
cellsize     1.000000
NODATA_value  -1
[rows 0 to 64 of 231, columns 96 to 191 of 234]
-1 -1 -1 -1 -1 -1 -1 -1 -1 -1 -1 -1 -1 -1 -1 -1 -1 -1 -1 -1 -1 -1 -1 -1 -1 -1 -1 -1 0 0 -1 -1 -1 -1 -1 -1 -1 -1 -1 -1 -1 -1 -1 -1 -1 -1 -1 -1 -1 -1 -1 -1 -1 -1 -1 -1 -1 -1 -1 -1 -1 -1 -1 -1 -1 -1 -1 -1 -1 -1 -1 -1 -1 -1 -1 -1 -1 -1 -1 -1 -1 -1 -1 -1 -1 -1 -1 -1 -1 -1 -1 -1 -1 -1 -1 -1
-1 -1 -1 -1 -1 -1 -1 -1 -1 -1 -1 -1 -1 -1 -1 -1 -1 -1 -1 -1 -1 -1 -1 0 0 0 0 0 0 0 -1 -1 -1 -1 -1 -1 -1 -1 -1 -1 -1 -1 -1 -1 -1 -1 -1 -1 -1 -1 -1 -1 -1 -1 -1 -1 -1 -1 -1 -1 -1 -1 -1 -1 -1 -1 -1 -1 -1 -1 -1 -1 -1 -1 -1 -1 -1 -1 -1 -1 -1 -1 -1 -1 -1 -1 -1 -1 -1 -1 -1 -1 -1 -1 -1 -1
-1 -1 -1 -1 -1 -1 -1 -1 -1 -1 -1 -1 -1 -1 -1 -1 -1 -1 0 0 0 0 0 0 0 0 0 0 0 0 -1 -1 -1 -1 -1 -1 -1 -1 -1 -1 -1 -1 -1 -1 -1 -1 -1 -1 -1 -1 -1 -1 -1 -1 -1 -1 -1 -1 -1 -1 -1 -1 -1 -1 -1 -1 -1 -1 -1 -1 -1 -1 -1 -1 -1 -1 -1 -1 -1 -1 -1 -1 -1 -1 -1 -1 -1 -1 -1 -1 -1 -1 -1 -1 -1 -1
-1 -1 -1 -1 -1 -1 -1 -1 -1 -1 -1 -1 -1 0 0 0 0 0 0 0 0 0 0 0 0 0 0 0 0 0 -1 -1 -1 -1 -1 -1 -1 -1 -1 -1 -1 -1 -1 -1 -1 -1 -1 -1 -1 -1 -1 -1 -1 -1 -1 -1 -1 -1 -1 -1 -1 -1 -1 -1 -1 -1 -1 -1 -1 -1 -1 -1 -1 -1 -1 -1 -1 -1 -1 -1 -1 -1 -1 -1 -1 -1 -1 -1 -1 -1 -1 -1 -1 -1 -1 -1
-1 -1 -1 -1 -1 -1 -1 -1 0 0 0 0 0 0 0 0 0 0 0 0 0 0 0 0 0 0 0 0 0 0 -1 -1 -1 -1 -1 -1 -1 -1 -1 -1 -1 -1 -1 -1 -1 -1 -1 -1 -1 -1 -1 -1 -1 -1 -1 -1 -1 -1 -1 -1 -1 -1 -1 -1 -1 -1 -1 -1 -1 -1 -1 -1 -1 -1 -1 -1 -1 -1 -1 -1 -1 -1 -1 -1 -1 -1 -1 -1 -1 -1 -1 -1 -1 -1 -1 -1
-1 -1 -1 -1 -1 -1 -1 0 0 0 0 0 0 0 0 0 0 0 0 0 0 0 0 0 0 0 0 0 0 0 0 -1 -1 -1 -1 -1 -1 -1 -1 -1 -1 -1 -1 -1 -1 -1 -1 -1 -1 -1 -1 -1 -1 -1 -1 -1 -1 -1 -1 -1 -1 -1 -1 -1 -1 -1 -1 -1 -1 -1 -1 -1 -1 -1 -1 -1 -1 -1 -1 -1 -1 -1 -1 -1 -1 -1 -1 -1 -1 -1 -1 -1 -1 -1 -1 -1
-1 -1 0 0 0 0 0 0 0 0 0 0 0 0 0 0 0 0 0 0 0 0 0 0 0 0 0 0 0 0 0 -1 -1 -1 -1 -1 -1 -1 -1 -1 -1 -1 -1 -1 -1 -1 -1 -1 -1 -1 -1 -1 -1 -1 -1 -1 -1 -1 -1 -1 -1 -1 -1 -1 -1 -1 -1 -1 -1 -1 -1 -1 -1 -1 -1 -1 -1 -1 -1 -1 -1 -1 -1 -1 -1 -1 -1 -1 -1 -1 -1 -1 -1 -1 -1 -1
0 0 0 0 0 0 0 0 0 0 0 0 0 0 0 0 0 0 0 0 0 0 0 0 0 0 0 0 0 0 0 -1 -1 -1 -1 -1 -1 -1 -1 -1 -1 -1 -1 -1 -1 -1 -1 -1 -1 -1 -1 -1 -1 -1 -1 -1 -1 -1 -1 -1 -1 -1 -1 -1 -1 -1 -1 -1 -1 -1 -1 -1 -1 -1 -1 -1 -1 -1 -1 -1 -1 -1 -1 -1 -1 -1 -1 -1 -1 -1 -1 -1 -1 -1 -1 -1
0 0 0 0 0 0 0 0 0 0 0 0 0 0 0 0 0 0 0 0 0 0 0 0 0 0 0 0 0 0 0 -1 -1 -1 -1 -1 -1 -1 -1 -1 -1 -1 -1 -1 -1 -1 -1 -1 -1 -1 -1 -1 -1 -1 -1 -1 -1 -1 -1 -1 -1 -1 -1 -1 -1 -1 -1 -1 -1 -1 -1 -1 -1 -1 -1 -1 -1 -1 -1 -1 -1 -1 -1 -1 -1 -1 -1 -1 -1 -1 -1 -1 -1 -1 -1 -1
0 0 0 0 0 0 0 0 0 0 0 0 0 0 0 0 0 0 0 0 0 0 0 0 0 0 0 0 0 0 0 -1 -1 -1 -1 -1 -1 -1 -1 -1 -1 -1 -1 -1 -1 -1 -1 -1 -1 -1 -1 -1 -1 -1 -1 -1 -1 -1 -1 -1 -1 -1 -1 -1 -1 -1 -1 -1 -1 -1 -1 -1 -1 -1 -1 -1 -1 -1 -1 -1 -1 -1 -1 -1 -1 -1 -1 -1 -1 -1 -1 -1 -1 -1 -1 -1
0 0 0 0 0 0 0 0 0 0 0 0 0 0 0 0 0 0 0 0 0 0 0 0 0 0 0 0 0 0 0 0 -1 -1 -1 -1 -1 -1 -1 -1 -1 -1 -1 -1 -1 -1 -1 -1 -1 -1 -1 -1 -1 -1 -1 -1 -1 -1 -1 -1 -1 -1 -1 -1 -1 -1 -1 -1 -1 -1 -1 -1 -1 -1 -1 -1 -1 -1 -1 -1 -1 -1 -1 -1 -1 -1 -1 -1 -1 -1 -1 -1 -1 -1 -1 -1
0 0 0 0 0 0 0 0 0 0 0 0 0 0 0 0 0 0 0 0 0 0 0 0 0 0 0 0 0 0 0 0 -1 -1 -1 -1 -1 -1 -1 -1 -1 -1 -1 -1 -1 -1 -1 -1 -1 -1 -1 -1 -1 -1 -1 -1 -1 -1 -1 -1 -1 -1 -1 -1 -1 -1 -1 -1 -1 -1 -1 -1 -1 -1 -1 -1 -1 -1 -1 -1 -1 -1 -1 -1 -1 -1 -1 -1 -1 -1 -1 -1 -1 -1 -1 -1
0 0 0 0 0 0 0 0 0 0 0 0 0 0 0 0 0 0 0 0 0 0 0 0 0 0 0 0 0 0 0 0 0 0 -1 -1 -1 -1 -1 -1 -1 -1 -1 -1 -1 -1 -1 -1 -1 -1 -1 -1 -1 -1 -1 -1 -1 -1 -1 -1 -1 -1 -1 -1 -1 -1 -1 -1 -1 -1 -1 -1 -1 -1 -1 -1 -1 -1 -1 -1 -1 -1 -1 -1 -1 -1 -1 -1 -1 -1 -1 -1 -1 -1 -1 -1
0 0 0 0 0 0 0 0 0 0 0 0 0 0 0 0 0 0 0 0 0 0 0 0 0 0 0 0 0 0 0 0 0 0 0 0 -1 -1 -1 -1 -1 -1 -1 -1 -1 -1 -1 -1 -1 -1 -1 -1 -1 -1 -1 -1 -1 -1 -1 -1 -1 -1 -1 -1 -1 -1 -1 -1 -1 -1 -1 -1 -1 -1 -1 -1 -1 -1 -1 -1 -1 -1 -1 -1 -1 -1 -1 -1 -1 -1 -1 -1 -1 -1 -1 -1
0 0 0 0 0 0 0 0 0 0 0 0 0 0 0 0 0 0 0 0 0 0 0 0 0 0 0 0 0 0 0 0 0 0 0 0 0 0 -1 -1 -1 -1 -1 -1 -1 -1 -1 -1 -1 -1 -1 -1 -1 -1 -1 -1 -1 -1 -1 -1 -1 -1 -1 -1 -1 -1 -1 -1 -1 -1 -1 -1 -1 -1 -1 -1 -1 -1 -1 -1 -1 -1 -1 -1 -1 -1 -1 -1 -1 -1 -1 -1 -1 -1 -1 -1
0 0 0 0 0 0 0 0 0 0 0 0 0 0 0 0 0 0 0 0 0 0 0 0 0 0 0 0 0 0 0 0 0 0 0 0 0 0 0 0 -1 -1 -1 -1 -1 -1 -1 -1 -1 -1 -1 -1 -1 -1 -1 -1 -1 -1 -1 -1 -1 -1 -1 -1 -1 -1 -1 -1 -1 -1 -1 -1 -1 -1 -1 -1 -1 -1 -1 -1 -1 -1 -1 -1 -1 -1 -1 -1 -1 -1 -1 -1 -1 -1 -1 -1
0 0 0 0 0 0 0 0 0 0 0 0 0 0 0 0 0 0 0 0 0 0 0 0 0 0 0 0 0 0 0 0 0 0 0 0 0 0 0 0 0 0 -1 -1 -1 -1 -1 -1 -1 -1 -1 -1 -1 -1 -1 -1 -1 -1 -1 -1 -1 -1 -1 -1 -1 -1 -1 -1 -1 -1 -1 -1 -1 -1 -1 -1 -1 -1 -1 -1 -1 -1 -1 -1 -1 -1 -1 -1 -1 -1 -1 -1 -1 -1 -1 -1
0 0 0 0 0 0 0 0 0 0 0 0 0 0 0 0 0 0 0 0 0 0 0 0 0 0 0 0 0 0 0 0 0 0 0 0 0 0 0 0 0 1189 1189 0 -1 -1 -1 -1 -1 -1 -1 -1 -1 -1 -1 -1 -1 -1 -1 -1 -1 -1 -1 -1 -1 -1 -1 -1 -1 -1 -1 -1 -1 -1 -1 -1 -1 -1 -1 -1 -1 -1 -1 -1 -1 -1 -1 -1 -1 -1 -1 -1 -1 -1 -1 -1
0 0 0 0 0 0 0 0 0 0 0 0 0 0 0 0 0 0 0 0 0 0 0 0 0 0 0 0 0 0 0 0 0 0 0 0 0 0 0 0 1189 1189 1189 1189 1189 0 -1 -1 -1 -1 -1 -1 -1 -1 -1 -1 -1 -1 -1 -1 -1 -1 -1 -1 -1 -1 -1 -1 -1 -1 -1 -1 -1 -1 -1 -1 -1 -1 -1 -1 -1 -1 -1 -1 -1 -1 -1 -1 -1 -1 -1 -1 -1 -1 -1 -1
0 0 0 0 0 0 0 0 0 0 0 0 0 0 0 0 0 0 0 0 0 0 0 0 0 0 0 0 0 0 0 0 0 0 0 0 0 0 0 1189 1189 1189 1189 1189 1189 1189 1189 0 -1 -1 -1 -1 -1 -1 -1 -1 -1 -1 -1 -1 -1 -1 -1 -1 -1 -1 -1 -1 -1 -1 -1 -1 -1 -1 -1 -1 -1 -1 -1 -1 -1 -1 -1 -1 -1 -1 -1 -1 -1 -1 -1 -1 -1 -1 -1 -1
0 0 0 0 0 0 0 0 0 0 0 0 0 0 0 0 0 0 0 0 0 0 0 0 0 0 0 0 0 0 0 0 0 0 0 0 0 0 0 1189 1189 1189 1189 1189 1189 1189 1189 1189 1189 0 0 -1 -1 -1 -1 -1 -1 -1 -1 -1 -1 -1 -1 -1 -1 -1 -1 -1 -1 -1 -1 -1 -1 -1 -1 -1 -1 -1 -1 -1 -1 -1 -1 -1 -1 -1 -1 -1 -1 -1 -1 -1 -1 -1 -1 -1
0 0 0 0 0 0 0 0 0 0 0 0 0 0 0 0 0 0 0 0 0 0 0 0 0 0 0 0 0 0 0 0 0 0 0 0 0 0 0 1189 1189 1189 1189 1189 1189 1189 1189 1189 1189 1189 1189 0 0 -1 -1 -1 -1 -1 -1 -1 -1 -1 -1 -1 -1 -1 -1 -1 -1 -1 -1 -1 -1 -1 -1 -1 -1 -1 -1 -1 -1 -1 -1 -1 -1 -1 -1 -1 -1 -1 -1 -1 -1 -1 -1 -1
0 0 0 0 0 0 0 0 0 0 0 0 0 0 0 0 0 0 0 0 0 0 0 0 0 0 0 0 0 0 0 0 0 0 0 0 0 0 0 1396 1189 1189 1189 1189 1189 1189 1189 1189 1189 1189 1189 1189 1189 0 0 -1 -1 -1 -1 -1 -1 -1 -1 -1 -1 -1 -1 -1 -1 -1 -1 -1 -1 -1 -1 -1 -1 -1 -1 -1 -1 -1 -1 -1 -1 -1 -1 -1 -1 -1 -1 -1 -1 -1 -1 -1
0 0 0 0 0 0 0 0 0 0 0 0 0 0 0 0 0 0 0 0 0 0 0 0 0 0 0 0 0 0 0 0 0 0 0 0 0 0 0 1396 1189 1189 1189 1189 1189 1189 1189 1189 1189 1189 1189 1189 1189 1189 0 -1 -1 -1 -1 -1 -1 -1 -1 -1 -1 -1 -1 -1 -1 -1 -1 -1 -1 -1 -1 -1 -1 -1 -1 -1 -1 -1 -1 -1 -1 -1 -1 -1 -1 -1 -1 -1 -1 -1 -1 -1
0 0 0 0 0 0 0 0 0 0 0 0 0 0 0 0 0 0 0 0 0 0 0 0 0 0 0 0 0 0 0 0 0 0 0 0 0 0 1396 1396 1189 1189 1189 1189 1189 1189 1189 1189 1189 1189 1189 1189 1189 1189 0 0 -1 -1 -1 -1 -1 -1 -1 -1 -1 -1 -1 -1 -1 -1 -1 -1 -1 -1 -1 -1 -1 -1 -1 -1 -1 -1 -1 -1 -1 -1 -1 -1 -1 -1 -1 -1 -1 -1 -1 -1
0 0 0 0 0 0 0 0 0 0 0 0 0 0 0 0 0 0 0 0 0 0 0 0 0 0 0 0 0 0 0 0 0 0 0 0 0 1396 1396 1396 1189 1189 1189 1189 1189 1189 1189 1189 1189 1189 1189 1189 1189 1189 1189 0 -1 -1 -1 -1 -1 -1 -1 -1 -1 -1 -1 -1 -1 -1 -1 -1 -1 -1 -1 -1 -1 -1 -1 -1 -1 -1 -1 -1 -1 -1 -1 -1 -1 -1 -1 -1 -1 -1 -1 -1
0 0 0 0 0 0 0 0 0 0 0 0 0 0 0 0 0 0 0 0 0 0 0 0 0 0 0 0 0 0 0 0 0 0 0 0 0 1396 1396 1396 1396 1189 1189 1189 1189 1189 1189 1189 1189 1189 1189 1189 1189 1189 0 0 -1 -1 -1 -1 -1 -1 -1 -1 -1 -1 -1 -1 -1 -1 -1 -1 -1 -1 -1 -1 -1 -1 -1 -1 -1 -1 -1 -1 -1 -1 -1 -1 -1 -1 -1 -1 -1 -1 -1 -1
0 0 0 0 0 0 0 0 0 0 0 0 0 0 0 0 0 0 0 0 0 0 0 0 0 0 0 0 0 0 0 0 0 0 0 0 1396 1396 1396 1396 1396 1189 1189 1189 1189 1189 1189 1189 1189 1189 1189 1189 1189 1189 0 0 -1 -1 -1 -1 -1 -1 -1 -1 -1 -1 -1 -1 -1 -1 -1 -1 -1 -1 -1 -1 -1 -1 -1 -1 -1 -1 -1 -1 -1 -1 -1 -1 -1 -1 -1 -1 -1 -1 -1 -1
0 0 0 0 0 0 0 0 0 0 0 0 0 0 0 0 0 0 0 0 0 0 0 0 0 0 0 1384 1385 0 0 0 0 0 1393 1393 1393 1396 1396 1396 1396 1189 1189 1189 1189 1189 1189 1189 1189 1189 1189 1189 1189 1187 0 0 -1 -1 -1 -1 -1 -1 -1 -1 -1 -1 -1 -1 -1 -1 -1 -1 -1 -1 -1 -1 -1 -1 -1 -1 -1 -1 -1 -1 -1 -1 -1 -1 -1 -1 -1 -1 -1 -1 -1 -1
0 0 0 0 0 0 0 0 0 0 0 0 0 0 0 0 0 0 0 0 0 0 1362 1379 1379 1384 1384 1384 1385 1385 1385 1383 1383 1383 1393 1393 1393 1389 1396 1396 1396 1189 1189 1189 1189 1189 1189 1189 1189 1189 1189 1189 1187 1187 1187 0 0 -1 -1 -1 -1 -1 -1 -1 -1 -1 -1 -1 -1 -1 -1 -1 -1 -1 -1 -1 -1 -1 -1 -1 -1 -1 -1 -1 -1 -1 -1 -1 -1 -1 -1 -1 -1 -1 -1 -1
0 0 0 0 0 0 0 0 0 0 0 0 0 0 0 0 1373 1377 1377 1378 1362 1362 1362 1379 1379 1384 1384 1384 1385 1385 1385 1383 1383 1383 1393 1393 1393 1389 1389 1396 1396 1189 1189 1189 1189 1189 1189 1189 1189 1189 1189 1187 1187 1187 1187 0 0 -1 -1 -1 -1 -1 -1 -1 -1 -1 -1 -1 -1 -1 -1 -1 -1 -1 -1 -1 -1 -1 -1 -1 -1 -1 -1 -1 -1 -1 -1 -1 -1 -1 -1 -1 -1 -1 -1 -1
0 0 1101 1368 1368 1368 0 0 0 0 0 0 0 0 1373 1373 1373 1377 1377 1378 1362 1362 1362 1379 1379 1384 1384 1384 1385 1385 1385 1383 1383 1383 1393 1393 1393 1389 1389 1390 1394 1394 1188 1189 1189 1189 1187 1187 1187 1187 1187 1187 1187 1187 1187 1187 0 -1 -1 -1 -1 -1 -1 -1 -1 -1 -1 -1 -1 -1 -1 -1 -1 -1 -1 -1 -1 -1 -1 -1 -1 -1 -1 -1 -1 -1 -1 -1 -1 -1 -1 -1 -1 -1 -1 -1
1113 1101 1101 1368 1368 1364 1364 0 0 0 0 1373 1373 1373 1373 1373 1373 1377 1377 1378 1362 1362 1362 1379 1379 1379 1384 1384 1385 1385 1380 1383 1383 1383 1383 1393 1393 1389 1389 1390 1390 1181 1173 1183 1187 1187 1187 1187 1187 1187 1187 1187 1187 1187 1187 1195 1195 -1 -1 -1 -1 -1 -1 -1 -1 -1 -1 -1 -1 -1 -1 -1 -1 -1 -1 -1 -1 -1 -1 -1 -1 -1 -1 -1 -1 -1 -1 -1 -1 -1 -1 -1 -1 -1 -1 -1
1101 1101 1080 1364 1364 1364 1364 1364 1364 1360 1360 1373 1373 1373 1373 1373 1373 1377 1377 1378 1362 1362 1362 1379 1379 1379 1379 1164 1165 1380 1380 1383 1383 1383 1383 1392 1180 1172 1172 1173 1173 1173 1173 1173 1186 1186 1185 1185 1187 1187 1187 1187 1187 1187 1195 1195 1195 -1 -1 -1 -1 -1 -1 -1 -1 -1 -1 -1 -1 -1 -1 -1 -1 -1 -1 -1 -1 -1 -1 -1 -1 -1 -1 -1 -1 -1 -1 -1 -1 -1 -1 -1 -1 -1 -1 -1
1080 1080 1081 1081 1364 1364 1364 1364 1360 1360 1360 1373 1373 1373 1373 1373 1373 1377 1377 1378 1362 1362 1075 1152 1152 1152 1152 1152 1155 1155 1383 1160 1160 1160 1160 1179 1179 1172 1172 1173 1075 1075 1182 1173 1185 1185 1185 1075 1075 1187 1187 1187 1187 1195 1195 1195 1195 0 -1 -1 -1 -1 -1 -1 -1 -1 -1 -1 -1 -1 -1 -1 -1 -1 -1 -1 -1 -1 -1 -1 -1 -1 -1 -1 -1 -1 -1 -1 -1 -1 -1 -1 -1 -1 -1 -1
1079 1080 1081 1077 1363 1363 1363 1331 1360 1360 1360 1360 1373 1373 1373 1373 1125 1142 1142 1143 1075 1075 1075 1075 1075 1152 1152 1152 1152 1154 1160 1160 1160 1160 1169 1075 1075 1075 1075 1075 1075 1075 1075 1075 1075 1075 1075 1075 1075 1075 1195 1195 1195 1195 1195 1195 1195 0 -1 -1 -1 -1 -1 -1 -1 -1 -1 -1 -1 -1 -1 -1 -1 -1 -1 -1 -1 -1 -1 -1 -1 -1 -1 -1 -1 -1 -1 -1 -1 -1 -1 -1 -1 -1 -1 -1
991 991 1077 1059 1356 1356 1351 1331 1360 1360 1360 1360 1360 1373 1125 1125 1125 1141 1141 1075 1075 1075 1075 1075 1075 1075 1152 1152 1153 1133 1160 1160 1160 1169 1075 1075 1075 1075 1075 1075 1075 1075 1075 1075 1075 1075 1075 1075 1075 1195 1195 1195 1195 1195 1195 1195 1195 0 -1 -1 -1 -1 -1 -1 -1 -1 -1 -1 -1 -1 -1 -1 -1 -1 -1 -1 -1 -1 -1 -1 -1 -1 -1 -1 -1 -1 -1 -1 -1 -1 -1 -1 -1 -1 -1 -1
991 991 1059 1059 1356 1350 1351 1331 1331 1360 1360 1360 1360 1360 1075 1075 1125 1140 1075 1075 1075 1075 1075 1075 1075 1075 1150 1151 1133 1133 1160 1160 1161 1075 1075 1075 1075 1075 1075 1075 1075 1075 1075 1075 1075 1075 1075 1075 1075 1195 1195 1195 1195 1195 1195 1195 1195 1195 -1 -1 -1 -1 -1 -1 -1 -1 -1 -1 -1 -1 -1 -1 -1 -1 -1 -1 -1 -1 -1 -1 -1 -1 -1 -1 -1 -1 -1 -1 -1 -1 -1 -1 -1 -1 -1 -1
991 991 1059 1059 1356 1350 1351 1331 1331 1331 1065 1065 1065 1065 1075 1075 1075 1075 1075 1075 1075 1075 1075 1075 1075 1075 1075 1133 1133 1133 1133 1159 1075 1075 1075 1075 1075 1075 1075 1075 1075 1075 1075 1075 1075 1075 1075 1075 1075 1195 1195 1195 1195 1195 1195 1195 1195 0 -1 -1 -1 -1 -1 -1 -1 -1 -1 -1 -1 -1 -1 -1 -1 -1 -1 -1 -1 -1 -1 -1 -1 -1 -1 -1 -1 -1 -1 -1 -1 -1 -1 -1 -1 -1 -1 -1
991 991 1059 1059 1344 1042 1043 960 960 960 1065 1065 1065 1065 1120 1075 1075 1075 1075 1075 1075 1075 1075 1075 1075 1075 1075 1133 1133 1133 1133 1075 1075 1075 1075 1075 1075 1075 1075 1075 1075 1075 1075 1075 1075 1075 1075 1075 1075 1195 1195 1195 1195 1195 1195 1195 1195 0 -1 -1 -1 -1 -1 -1 -1 -1 -1 -1 -1 -1 -1 -1 -1 -1 -1 -1 -1 -1 -1 -1 -1 -1 -1 -1 -1 -1 -1 -1 -1 -1 -1 -1 -1 -1 -1 -1
991 991 1058 1019 1026 960 960 960 960 960 1073 1053 1053 1053 1119 1116 1117 1075 1075 1075 1075 1075 1075 1075 1075 1075 1124 1133 1133 1133 1133 1075 1075 1075 1075 1075 1075 1075 1075 1075 1075 1075 1075 1075 1075 1075 1075 1075 1192 1196 1195 1195 1195 1195 1195 1195 1195 0 0 -1 -1 -1 -1 -1 -1 -1 -1 -1 -1 -1 -1 -1 -1 -1 -1 -1 -1 -1 -1 -1 -1 -1 -1 -1 -1 -1 -1 -1 -1 -1 -1 -1 -1 -1 -1 -1
991 991 1008 1019 960 960 960 960 960 960 1041 1053 1053 1053 1109 1109 1109 1111 1075 1075 1075 1075 1075 1075 1075 1075 1122 1123 1133 1133 1134 1075 1075 1075 1075 1075 1075 1075 1075 1075 1075 1075 1075 1075 1075 1075 1075 1192 1192 1196 1195 1195 1195 1195 1195 1195 1195 0 0 -1 -1 -1 -1 -1 -1 -1 -1 -1 -1 -1 -1 -1 -1 -1 -1 -1 -1 -1 -1 -1 -1 -1 -1 -1 -1 -1 -1 -1 -1 -1 -1 -1 -1 -1 -1 -1
991 991 1007 1008 960 960 960 960 960 960 1052 1053 1054 1055 1071 1108 1108 1109 1075 1075 1075 1075 1075 1075 1075 1075 1075 1075 1075 1075 1075 1075 1075 1075 1075 1075 1075 1075 1075 1075 1075 1075 1075 1178 1184 1190 1191 1191 1193 1193 1195 1194 1195 1195 1195 1195 1044 1163 0 -1 -1 -1 -1 -1 -1 -1 -1 -1 -1 -1 -1 -1 -1 -1 -1 -1 -1 -1 -1 -1 -1 -1 -1 -1 -1 -1 -1 -1 -1 -1 -1 -1 -1 -1 -1 -1
991 991 960 960 960 960 960 960 960 960 1032 960 960 1051 1071 1108 1108 1108 1075 1075 1075 1075 1075 1075 1075 1075 1075 1075 1075 1075 1075 1075 1075 1075 1075 1075 1075 1075 1075 1075 1075 1075 1176 1177 1184 1190 1191 1191 1193 1193 1194 1044 1044 1044 1044 1044 1044 1162 1162 -1 -1 -1 -1 -1 -1 -1 -1 -1 -1 -1 -1 -1 -1 -1 -1 -1 -1 -1 -1 -1 -1 -1 -1 -1 -1 -1 -1 -1 -1 -1 -1 -1 -1 -1 -1 -1
991 991 996 960 960 960 960 960 960 960 1032 960 960 1070 1071 1024 1075 1075 1075 1075 1075 1075 1075 1075 1075 1075 1075 1075 1075 1075 1075 1118 1075 1075 1075 1075 1075 1167 1168 1171 1171 1174 1175 1175 1184 1184 1191 1397 1398 1352 1044 1044 1044 1044 1044 1044 1044 1170 1162 -1 -1 -1 -1 -1 -1 -1 -1 -1 -1 -1 -1 -1 -1 -1 -1 -1 -1 -1 -1 -1 -1 -1 -1 -1 -1 -1 -1 -1 -1 -1 -1 -1 -1 -1 -1 -1
991 991 991 960 960 960 960 960 960 960 960 960 960 1024 1024 1024 1024 1024 1075 1075 1075 1075 1075 1075 1075 1075 1075 1075 1118 1118 1118 1118 1118 1156 1157 1158 1166 1167 1168 1171 1171 1388 1391 1391 1395 1395 1397 1397 1398 1352 1352 1044 1044 1044 1044 1044 1044 1044 1044 0 -1 -1 -1 -1 -1 -1 -1 -1 -1 -1 -1 -1 -1 -1 -1 -1 -1 -1 -1 -1 -1 -1 -1 -1 -1 -1 -1 -1 -1 -1 -1 -1 -1 -1 -1 -1
991 991 990 960 960 960 960 960 960 960 960 960 960 960 1024 1024 1024 1024 1069 1069 1075 1075 1075 1075 1075 1075 1075 1115 1115 1115 1115 1132 1132 1156 1156 1158 1382 1386 1387 1388 1388 1388 1391 1391 1395 1395 1397 1397 1397 1352 1352 1044 1044 1044 1044 1044 1044 1044 1044 0 -1 -1 -1 -1 -1 -1 -1 -1 -1 -1 -1 -1 -1 -1 -1 -1 -1 -1 -1 -1 -1 -1 -1 -1 -1 -1 -1 -1 -1 -1 -1 -1 -1 -1 -1 -1
1005 991 1006 960 960 960 960 960 960 960 960 960 960 960 1024 1024 1024 1024 1024 1069 1075 1075 1087 1100 1107 1110 1114 1115 1115 1115 1115 1371 1375 1381 1381 1382 1382 1386 1387 1388 1388 1388 1388 1391 1395 1395 1397 1397 1352 1352 1352 1044 1044 1044 1044 1044 1044 1044 1044 0 -1 -1 -1 -1 -1 -1 -1 -1 -1 -1 -1 -1 -1 -1 -1 -1 -1 -1 -1 -1 -1 -1 -1 -1 -1 -1 -1 -1 -1 -1 -1 -1 -1 -1 -1 -1
1014 1015 1016 960 960 960 960 960 960 960 960 960 960 960 1024 1024 1024 1050 1064 1064 1064 1085 1086 1100 1107 1107 1369 1371 1371 1371 1371 1371 1375 1381 1381 1382 1382 1382 1387 1388 1388 1388 1388 1391 1395 1395 1397 1352 1352 1352 1352 1044 1044 1044 1044 1044 1044 1044 1044 1044 -1 -1 -1 -1 -1 -1 -1 -1 -1 -1 -1 -1 -1 -1 -1 -1 -1 -1 -1 -1 -1 -1 -1 -1 -1 -1 -1 -1 -1 -1 -1 -1 -1 -1 -1 -1
926 938 949 950 951 960 960 960 960 960 960 960 960 1013 1013 1040 1048 1049 1064 1064 1064 1359 1365 1367 1369 1369 1369 1371 1371 1371 1371 1371 1371 1381 1381 1382 1382 1382 1387 1388 1388 1388 1388 1388 1395 1395 1376 1376 1376 1376 1376 1138 1044 1044 1044 1044 1044 1044 1044 1044 -1 -1 -1 -1 -1 -1 -1 -1 -1 -1 -1 -1 -1 -1 -1 -1 -1 -1 -1 -1 -1 -1 -1 -1 -1 -1 -1 -1 -1 -1 -1 -1 -1 -1 -1 -1
926 914 914 914 914 914 960 960 960 989 995 1004 1012 1013 1013 1040 1349 1355 1359 1359 1359 1359 1365 1367 1369 1369 1369 1369 1371 1371 1371 1371 1371 1381 1381 1382 1382 1382 1382 1388 1388 1388 1388 1345 1345 1345 1346 1376 1376 1376 1376 1352 1044 1044 1044 1044 1044 1044 1044 1149 0 -1 -1 -1 -1 -1 -1 -1 -1 -1 -1 -1 -1 -1 -1 -1 -1 -1 -1 -1 -1 -1 -1 -1 -1 -1 -1 -1 -1 -1 -1 -1 -1 -1 -1 -1
914 914 914 914 914 914 977 978 979 985 995 1338 1342 1343 1343 1349 1349 1355 1359 1359 1359 1359 1359 1367 1369 1369 1369 1369 1371 1371 1371 1371 1371 1371 1381 1382 1382 1382 1340 1340 1340 1340 1340 1345 1345 1345 1346 1347 1357 1376 1352 1352 1044 1044 1044 1044 1044 1044 1044 1148 0 -1 -1 -1 -1 -1 -1 -1 -1 -1 -1 -1 -1 -1 -1 -1 -1 -1 -1 -1 -1 -1 -1 -1 -1 -1 -1 -1 -1 -1 -1 -1 -1 -1 -1 -1
914 914 914 914 914 1321 1333 1334 1335 1336 1338 1338 1342 1343 1343 1349 1349 1349 1359 1359 1359 1359 1359 1367 1369 1369 1369 1369 1369 1371 1371 1371 1371 1332 1332 1332 1332 1332 1340 1340 1340 1340 1340 1345 1345 1345 1346 1347 1357 1357 1357 1352 1044 1044 1044 1044 1044 1044 1044 1139 0 -1 -1 -1 -1 -1 -1 -1 -1 -1 -1 -1 -1 -1 -1 -1 -1 -1 -1 -1 -1 -1 -1 -1 -1 -1 -1 -1 -1 -1 -1 -1 -1 -1 -1 -1
1321 1321 1321 1321 1321 1321 1333 1334 1335 1336 1338 1338 1338 1343 1343 1349 1349 1349 1359 1359 1359 1359 1359 1359 1369 1369 1369 1369 1325 1325 1325 1325 1325 1332 1332 1332 1332 1332 1340 1340 1340 1340 1340 1345 1345 1345 1346 1347 1348 1357 1357 1358 1044 1044 1044 1044 1044 1044 1044 1044 1137 -1 -1 -1 -1 -1 -1 -1 -1 -1 -1 -1 -1 -1 -1 -1 -1 -1 -1 -1 -1 -1 -1 -1 -1 -1 -1 -1 -1 -1 -1 -1 -1 -1 -1 -1
1313 1313 1321 1321 1321 1321 1321 1334 1335 1336 1338 1338 1338 1343 1343 1349 1349 1349 1349 1359 1359 1359 1330 1330 1330 1323 1323 1324 1325 1325 1325 1325 1325 1332 1332 1332 1332 1332 1340 1340 1340 1340 1340 1340 1345 1345 1346 1347 1348 1354 1060 1061 1044 1044 1044 1044 1044 1044 1044 1044 1044 -1 -1 -1 -1 -1 -1 -1 -1 -1 -1 -1 -1 -1 -1 -1 -1 -1 -1 -1 -1 -1 -1 -1 -1 -1 -1 -1 -1 -1 -1 -1 -1 -1 -1 -1
1313 1313 1313 1321 1321 1321 1321 1334 1335 1336 1338 1338 1338 1338 1343 1349 1349 1326 1326 1326 1326 1327 1330 1330 1330 1323 1323 1324 1325 1325 1325 1325 1325 1332 1332 1332 1332 1332 1339 1340 1340 1340 1340 1340 1353 1029 1035 1036 1037 1047 956 956 1044 1044 1044 1044 1044 1044 1044 1044 1045 0 -1 -1 -1 -1 -1 -1 -1 -1 -1 -1 -1 -1 -1 -1 -1 -1 -1 -1 -1 -1 -1 -1 -1 -1 -1 -1 -1 -1 -1 -1 -1 -1 -1 -1
1313 1313 1313 1313 1321 1321 1321 1321 1335 1336 1338 1338 1314 1314 1314 1315 1316 1326 1326 1326 1326 1327 1330 1330 1330 1323 1323 1324 1325 1325 1325 1325 1325 1329 1332 1332 1332 1332 1339 1340 998 998 998 998 1046 956 956 956 956 956 956 956 1044 1044 1044 1044 1044 1044 1045 1045 1045 1045 0 -1 -1 -1 -1 -1 -1 -1 -1 -1 -1 -1 -1 -1 -1 -1 -1 -1 -1 -1 -1 -1 -1 -1 -1 -1 -1 -1 -1 -1 -1 -1 -1 -1
866 1313 1313 1313 1313 1313 1321 1317 1317 1317 1317 1317 1314 1314 1314 1315 1316 1326 1326 1326 1326 1327 1330 1330 1330 1323 1323 1324 1322 1325 1325 1325 1325 1329 1320 970 970 970 997 998 998 998 998 998 956 956 956 956 956 956 956 956 1044 1044 1044 1044 1044 1045 1045 1045 1045 1082 0 -1 -1 -1 -1 -1 -1 -1 -1 -1 -1 -1 -1 -1 -1 -1 -1 -1 -1 -1 -1 -1 -1 -1 -1 -1 -1 -1 -1 -1 -1 -1 -1 -1
866 1313 1313 1313 1313 1312 1312 1317 1317 1317 1317 1317 1314 1314 1314 1315 1316 1326 1326 1326 1326 1327 1328 1330 1330 1323 1323 1324 1322 1320 932 932 932 946 903 903 903 903 955 997 998 999 1000 1028 956 956 956 956 956 956 956 1044 1044 1044 1044 1044 1044 1045 1045 1045 1082 1082 1083 0 -1 -1 -1 -1 -1 -1 -1 -1 -1 -1 -1 -1 -1 -1 -1 -1 -1 -1 -1 -1 -1 -1 -1 -1 -1 -1 -1 -1 -1 -1 -1 -1
866 1313 1313 1313 1312 1312 1312 1317 1317 1317 1317 1317 1314 1314 1314 1315 1316 1326 1326 1326 1326 1327 1328 1320 959 930 930 931 928 903 903 903 903 903 903 903 903 903 955 955 955 955 993 955 956 956 956 956 956 956 1021 1044 1044 1044 1044 1044 1044 1045 1045 1045 1082 1083 0 0 0 -1 -1 -1 -1 -1 -1 -1 -1 -1 -1 -1 -1 -1 -1 -1 -1 -1 -1 -1 -1 -1 -1 -1 -1 -1 -1 -1 -1 -1 -1 -1
866 1313 1313 1313 1312 1312 1312 1317 1317 1317 1317 1317 1318 1314 1314 1315 1316 1326 1326 943 943 944 945 903 903 903 903 903 903 903 903 903 903 903 903 903 920 955 955 955 955 955 955 955 956 956 956 956 956 956 1021 1021 1044 1044 1044 1044 1045 1045 1045 1082 1083 0 0 0 0 -1 -1 -1 -1 -1 -1 -1 -1 -1 -1 -1 -1 -1 -1 -1 -1 -1 -1 -1 -1 -1 -1 -1 -1 -1 -1 -1 -1 -1 -1 -1
866 1313 1313 1312 1312 1312 1312 1312 1317 1317 1317 1317 1318 1319 895 896 897 943 943 943 943 943 903 903 903 903 903 903 903 903 903 903 903 903 903 920 920 920 955 955 955 955 955 955 956 956 956 981 986 986 1021 1021 1027 1034 1044 1044 1045 1045 788 788 788 1092 0 0 0 0 -1 -1 -1 -1 -1 -1 -1 -1 -1 -1 -1 -1 -1 -1 -1 -1 -1 -1 -1 -1 -1 -1 -1 -1 -1 -1 -1 -1 -1 -1
865 866 1313 1312 1312 1312 1312 1312 1312 899 899 899 900 901 862 862 862 862 943 943 943 943 903 903 903 903 903 903 903 903 903 903 903 903 911 920 920 920 920 955 955 955 955 956 956 973 981 981 986 992 1009 1020 1021 1027 1034 1044 1045 1074 788 788 788 788 0 0 0 0 0 -1 -1 -1 -1 -1 -1 -1 -1 -1 -1 -1 -1 -1 -1 -1 -1 -1 -1 -1 -1 -1 -1 -1 -1 -1 -1 -1 -1 -1
828 863 1312 1312 863 863 863 863 863 899 899 899 899 862 862 862 862 862 890 943 943 943 903 903 903 903 903 903 903 903 903 903 911 911 911 920 920 920 920 958 958 955 955 956 969 973 980 981 986 992 1009 1020 1021 1027 1034 788 788 788 788 788 788 0 0 0 0 0 0 -1 -1 -1 -1 -1 -1 -1 -1 -1 -1 -1 -1 -1 -1 -1 -1 -1 -1 -1 -1 -1 -1 -1 -1 -1 -1 -1 -1 -1
828 869 863 863 863 863 863 863 889 889 889 898 898 894 862 862 862 862 862 862 862 942 903 903 903 903 903 903 903 903 903 903 911 911 912 915 920 920 934 957 958 941 955 956 969 973 980 981 986 992 788 788 788 788 788 788 788 788 788 788 788 0 0 0 0 0 0 0 -1 -1 -1 -1 -1 -1 -1 -1 -1 -1 -1 -1 -1 -1 -1 -1 -1 -1 -1 -1 -1 -1 -1 -1 -1 -1 -1 -1
