demo_catchment/out/SWMM_in/demo_catchment_adap_subcatchments.asc
ncols        234
nrows        231
xllcorner    0.000000
yllcorner    0.000000
cellsize     1.000000
NODATA_value  -1
[rows 118 to 176 of 231, columns 0 to 95 of 234]
-1 -1 -1 -1 -1 -1 -1 -1 -1 -1 -1 -1 -1 -1 -1 -1 -1 -1 -1 -1 -1 -1 -1 -1 -1 -1 -1 -1 -1 -1 -1 -1 -1 -1 -1 -1 -1 -1 -1 0 0 0 338 338 338 338 338 338 338 338 338 338 338 338 338 338 0 0 0 0 0 0 0 0 0 0 0 0 0 0 0 0 0 0 0 0 0 0 0 0 0 0 0 0 0 0 0 0 0 0 0 0 0 0 0 0
-1 -1 -1 -1 -1 -1 -1 -1 -1 -1 -1 -1 -1 -1 -1 -1 -1 -1 -1 -1 -1 -1 -1 -1 -1 -1 -1 -1 -1 -1 -1 -1 -1 -1 -1 -1 -1 -1 -1 0 0 0 338 338 338 338 338 338 338 338 338 338 338 338 338 338 338 338 338 338 0 0 0 0 0 0 0 0 0 0 0 0 0 0 0 0 0 0 0 0 0 0 0 0 0 0 0 0 0 0 0 0 0 0 0 0
-1 -1 -1 -1 -1 -1 -1 -1 -1 -1 -1 -1 -1 -1 -1 -1 -1 -1 -1 -1 -1 -1 -1 -1 -1 -1 -1 -1 -1 -1 -1 -1 -1 -1 -1 -1 -1 -1 -1 0 0 0 338 338 338 338 338 338 338 338 338 338 338 338 338 338 338 338 338 338 338 0 0 0 0 0 0 0 0 0 0 0 0 0 0 0 0 0 0 0 0 0 0 0 0 0 0 0 0 0 0 0 0 0 0 0
-1 -1 -1 -1 -1 -1 -1 -1 -1 -1 -1 -1 -1 -1 -1 -1 -1 -1 -1 -1 -1 -1 -1 -1 -1 -1 -1 -1 -1 -1 -1 -1 -1 -1 -1 -1 -1 -1 -1 -1 -1 0 338 338 338 338 338 338 338 338 338 338 338 338 338 338 338 338 338 338 338 338 0 0 0 0 0 0 0 0 0 0 0 0 0 0 0 0 0 0 0 0 0 0 0 0 0 0 0 0 0 0 0 0 0 0
-1 -1 -1 -1 -1 -1 -1 -1 -1 -1 -1 -1 -1 -1 -1 -1 -1 -1 -1 -1 -1 -1 -1 -1 -1 -1 -1 -1 -1 -1 -1 -1 -1 -1 -1 -1 -1 -1 -1 -1 -1 338 338 338 338 338 338 338 338 338 338 338 338 338 338 338 338 338 338 338 338 338 0 0 0 0 0 0 0 0 0 0 0 0 0 0 0 0 0 0 0 0 0 0 0 0 0 0 0 0 0 0 0 0 0 0
-1 -1 -1 -1 -1 -1 -1 -1 -1 -1 -1 -1 -1 -1 -1 -1 -1 -1 -1 -1 -1 -1 -1 -1 -1 -1 -1 -1 -1 -1 -1 -1 -1 -1 -1 -1 -1 -1 -1 -1 -1 338 338 338 338 338 338 338 338 338 338 338 338 338 338 338 338 338 0 0 0 0 0 0 0 0 0 0 0 0 0 0 0 0 0 0 0 0 0 0 0 0 0 0 0 0 0 0 0 0 0 0 0 0 0 0
-1 -1 -1 -1 -1 -1 -1 -1 -1 -1 -1 -1 -1 -1 -1 -1 -1 -1 -1 -1 -1 -1 -1 -1 -1 -1 -1 -1 -1 -1 -1 -1 -1 -1 -1 -1 -1 -1 -1 -1 -1 338 338 338 338 338 338 338 338 338 338 338 338 338 338 338 338 0 0 0 0 0 0 0 0 0 0 0 0 0 0 0 0 0 0 0 0 0 0 0 0 0 0 0 0 0 0 0 0 0 0 0 0 0 0 0
-1 -1 -1 -1 -1 -1 -1 -1 -1 -1 -1 -1 -1 -1 -1 -1 -1 -1 -1 -1 -1 -1 -1 -1 -1 -1 -1 -1 -1 -1 -1 -1 -1 -1 -1 -1 -1 -1 -1 -1 0 338 338 338 338 338 338 338 338 338 338 338 338 338 338 338 437 0 0 0 0 0 0 0 0 0 0 0 0 0 0 1327 1327 1327 0 0 0 0 0 0 0 0 0 0 0 0 0 0 0 0 0 0 0 0 0 0
-1 -1 -1 -1 -1 -1 -1 -1 -1 -1 -1 -1 -1 -1 -1 -1 -1 -1 -1 -1 -1 -1 -1 -1 -1 -1 -1 -1 -1 -1 -1 -1 -1 -1 -1 -1 -1 -1 -1 0 0 338 338 338 338 338 338 338 338 338 338 338 434 435 436 431 431 0 0 0 0 0 0 0 0 0 0 0 0 1327 1327 1327 1327 1327 0 0 0 0 0 0 0 0 0 0 0 0 0 0 0 0 0 0 0 0 0 0
-1 -1 -1 -1 -1 -1 -1 -1 -1 -1 -1 -1 -1 -1 -1 -1 -1 -1 -1 -1 -1 -1 -1 -1 -1 -1 -1 -1 -1 -1 -1 -1 -1 -1 -1 -1 -1 -1 0 0 338 338 338 338 338 338 338 338 338 338 432 433 431 431 431 431 431 0 0 0 0 0 0 0 0 0 0 1327 1327 1327 1327 1327 1327 1327 1295 0 1295 0 0 0 0 0 0 0 0 0 0 0 0 0 0 0 0 0 0 0
-1 -1 -1 -1 -1 -1 -1 -1 -1 -1 -1 -1 -1 -1 -1 -1 -1 -1 -1 -1 -1 -1 -1 -1 -1 -1 -1 -1 -1 -1 -1 -1 -1 -1 -1 -1 -1 338 338 338 338 338 338 338 338 338 338 338 338 338 431 431 431 431 431 431 431 0 0 0 0 0 0 334 334 334 334 1327 1327 1327 1327 1327 1295 1295 1295 1295 1295 1295 0 0 0 0 0 0 0 0 0 0 0 0 0 0 0 0 0 0
-1 -1 -1 -1 -1 -1 -1 -1 -1 -1 -1 -1 -1 -1 -1 -1 -1 -1 -1 -1 -1 -1 -1 -1 -1 -1 -1 -1 -1 -1 -1 0 0 0 0 0 338 338 338 338 338 338 338 338 338 338 338 338 338 338 1326 431 431 431 431 431 431 0 0 0 0 0 0 334 334 334 334 334 1327 1327 1327 1295 1295 1295 1295 1295 1295 1295 0 0 0 0 0 0 0 0 0 0 0 0 0 0 0 0 0 0
-1 -1 -1 -1 -1 -1 -1 -1 -1 -1 -1 -1 -1 -1 -1 -1 -1 -1 -1 -1 -1 -1 -1 -1 -1 -1 -1 -1 -1 -1 338 338 338 338 338 338 338 338 338 338 338 338 338 338 338 338 338 338 1326 1326 1326 431 431 431 431 431 431 1326 0 0 0 0 334 334 334 334 334 334 1327 1295 1295 1295 1295 1295 1295 1295 1295 1295 0 0 0 0 0 0 0 0 0 0 0 0 0 0 0 0 0 0
-1 -1 -1 -1 -1 -1 -1 -1 -1 -1 -1 -1 -1 -1 -1 -1 -1 -1 -1 -1 -1 -1 -1 -1 -1 -1 -1 -1 -1 -1 338 338 338 338 338 338 338 338 338 338 338 338 338 338 338 338 338 338 1326 1326 1326 431 431 431 1326 1326 1326 1326 0 0 0 334 334 334 334 334 334 334 334 1295 1295 1295 1295 1295 1295 1295 0 0 0 0 0 0 0 0 0 0 0 0 0 0 0 0 0 0 0 0
-1 -1 -1 -1 -1 -1 -1 -1 -1 -1 -1 -1 -1 -1 -1 -1 -1 -1 -1 -1 -1 -1 -1 -1 -1 -1 -1 -1 -1 338 338 338 338 338 338 338 338 338 338 338 338 338 338 338 338 338 338 338 1326 1326 1326 1326 1326 1326 1326 1326 1326 1326 1326 0 334 334 334 334 334 334 334 334 334 1295 1295 1295 1295 1295 1295 1295 0 0 0 0 0 0 0 0 0 0 0 0 0 0 0 0 0 0 0 0
-1 -1 -1 -1 -1 -1 -1 -1 -1 -1 -1 -1 -1 -1 -1 -1 -1 -1 -1 -1 -1 -1 -1 -1 -1 -1 -1 -1 -1 338 338 338 338 338 338 338 338 338 338 338 338 338 338 338 338 338 338 338 338 1326 1326 1326 1326 1326 1326 1326 1326 1326 1326 0 334 334 334 334 334 334 334 334 334 427 1295 1295 1295 1295 0 0 0 0 0 0 0 0 0 0 0 0 0 0 0 0 0 0 0 0 0 0
-1 -1 -1 -1 -1 -1 -1 -1 -1 -1 -1 -1 -1 -1 -1 -1 -1 -1 -1 -1 -1 -1 -1 -1 -1 -1 -1 -1 338 338 338 338 338 338 338 338 338 338 338 338 338 338 338 338 338 338 338 338 338 338 1326 1326 1326 1326 1326 1326 1326 1326 1326 392 420 416 334 334 334 334 334 334 334 0 1295 0 0 0 0 0 0 0 0 0 0 0 0 0 0 0 0 0 0 0 0 0 0 0 0 0
-1 -1 -1 -1 -1 -1 -1 -1 -1 -1 -1 -1 -1 -1 -1 -1 -1 -1 -1 -1 -1 -1 0 0 0 0 0 338 338 338 338 338 338 338 338 338 338 338 338 338 338 338 338 338 338 338 338 338 338 338 338 1326 1326 1326 1326 1326 1326 1326 1326 1326 392 415 334 334 334 334 334 334 334 0 0 0 0 0 0 0 0 0 0 0 0 0 0 0 0 0 0 0 0 0 0 0 0 0 0 0
-1 -1 -1 -1 -1 -1 -1 -1 -1 -1 -1 -1 -1 -1 -1 -1 -1 -1 -1 -1 -1 -1 0 0 338 338 338 338 338 338 338 338 338 338 338 338 338 338 338 338 338 338 338 338 338 338 338 338 338 338 338 1326 1326 1326 1326 1326 1326 1326 1326 1294 392 396 396 334 334 334 334 334 334 0 0 0 0 0 0 0 0 0 0 0 0 0 0 0 0 0 0 0 0 0 0 0 0 0 0 0
-1 -1 -1 -1 -1 -1 -1 -1 -1 -1 -1 -1 -1 -1 -1 -1 -1 -1 -1 -1 -1 -1 0 0 338 338 338 338 338 338 338 338 338 338 338 338 338 338 338 338 338 338 338 338 338 338 338 338 338 338 338 1326 1326 1326 1326 1326 1326 1326 1294 1294 1294 392 392 334 334 334 334 334 334 0 0 0 0 0 0 0 0 0 0 0 0 0 0 0 0 0 0 0 0 0 0 0 0 0 0 0
-1 -1 -1 -1 -1 -1 -1 -1 -1 -1 -1 -1 -1 -1 -1 -1 -1 -1 -1 -1 -1 -1 0 0 0 338 338 338 338 338 338 338 338 338 338 338 338 338 338 338 338 338 338 338 338 338 338 338 338 338 338 338 1326 1326 1326 1326 1294 1294 1294 1294 1294 392 392 334 334 334 334 334 334 0 0 0 0 0 0 0 0 0 0 0 0 0 0 0 0 0 0 0 0 0 0 0 0 0 0 0
-1 -1 -1 -1 -1 -1 -1 -1 -1 -1 -1 -1 -1 -1 -1 -1 -1 -1 -1 -1 -1 -1 0 0 0 338 338 338 338 338 338 338 338 338 338 338 338 338 338 338 338 338 338 338 338 338 338 338 338 338 338 338 1326 1326 1326 1294 1294 1294 1294 1294 1294 1294 391 334 334 334 334 334 334 334 0 0 0 0 0 0 0 0 0 0 0 0 0 0 0 0 0 0 0 0 0 0 0 0 0 0
-1 -1 -1 -1 -1 -1 -1 -1 -1 -1 -1 -1 -1 -1 -1 -1 -1 -1 -1 -1 -1 -1 0 0 0 0 0 338 338 338 338 338 338 338 338 338 338 338 338 338 338 338 338 338 338 338 338 338 338 338 338 338 338 1294 1294 1294 1294 1294 1294 1294 1294 1294 395 372 334 334 334 334 334 334 334 0 0 0 0 0 0 0 0 0 0 0 0 0 0 0 0 0 0 0 0 0 0 0 0 0
-1 -1 -1 -1 -1 -1 -1 -1 -1 -1 -1 -1 -1 -1 -1 -1 -1 -1 -1 -1 -1 -1 0 0 0 0 0 338 338 338 338 338 338 338 338 338 338 338 338 338 338 338 338 338 338 338 338 338 338 338 338 338 338 1294 1294 1294 1294 1294 1294 1294 1294 1294 341 341 372 334 334 334 334 334 334 0 0 0 0 0 0 0 0 0 0 0 0 0 0 0 0 0 0 0 0 0 0 0 0 0
-1 -1 -1 -1 -1 -1 -1 -1 -1 -1 -1 -1 -1 -1 -1 -1 -1 -1 -1 -1 -1 -1 0 0 0 0 0 0 0 0 0 338 338 338 338 338 338 338 338 338 338 338 338 338 338 338 338 338 338 338 338 338 363 363 1294 1294 1294 1294 1294 390 341 341 341 341 378 372 372 334 334 334 334 0 0 0 0 0 0 0 0 0 0 0 0 0 0 0 0 0 0 0 0 0 0 0 0 0
-1 -1 -1 -1 -1 -1 -1 -1 -1 -1 -1 -1 -1 -1 -1 -1 -1 -1 -1 -1 -1 -1 0 0 0 0 0 0 0 0 0 338 338 338 338 338 338 338 338 338 338 338 338 338 338 338 338 338 338 338 338 338 363 363 1294 1294 1294 383 384 341 341 341 341 341 378 378 371 372 334 334 334 0 0 0 0 0 0 0 0 0 0 0 0 0 0 0 0 0 0 0 0 0 0 0 0 0
-1 -1 -1 -1 -1 -1 -1 -1 -1 -1 -1 -1 -1 -1 -1 -1 -1 -1 -1 -1 -1 -1 0 0 0 0 0 0 0 0 0 0 338 338 338 338 338 338 338 338 338 338 338 338 338 338 338 338 338 338 338 338 363 363 1294 363 363 363 341 341 341 341 341 341 378 378 371 371 372 334 334 334 334 0 0 0 0 0 0 0 0 0 0 0 0 0 0 0 0 0 0 0 0 0 0 0
-1 -1 -1 -1 -1 -1 -1 -1 -1 -1 -1 -1 -1 -1 -1 -1 -1 -1 -1 -1 -1 -1 0 0 0 0 0 0 0 0 0 0 0 0 0 338 338 338 338 338 338 338 338 338 338 338 338 338 338 338 338 338 363 363 363 363 363 341 341 341 341 341 341 341 378 378 371 371 364 364 358 334 334 0 0 0 0 0 0 0 0 0 0 0 0 0 0 0 0 0 0 0 0 0 0 0
-1 -1 -1 -1 -1 -1 -1 -1 -1 -1 -1 -1 -1 -1 -1 -1 -1 -1 -1 -1 -1 -1 0 0 0 0 0 0 0 0 0 0 0 0 0 338 338 338 338 338 338 338 338 338 338 338 338 338 338 338 338 338 338 363 363 363 363 341 341 341 341 341 341 341 379 378 357 357 357 357 357 334 334 334 334 335 342 310 0 0 1293 1293 0 0 0 0 0 0 0 0 0 0 0 0 0 0
-1 -1 -1 -1 -1 -1 -1 -1 -1 -1 -1 -1 -1 -1 -1 -1 -1 -1 -1 -1 -1 0 0 0 0 0 0 0 0 0 0 0 0 0 0 338 338 338 338 338 338 338 338 338 338 338 338 338 338 338 338 338 338 363 363 363 363 341 341 341 341 341 341 341 379 357 357 357 357 357 356 334 334 327 310 310 310 1293 1293 1293 1293 1293 1293 0 0 0 0 0 0 0 0 0 0 0 0 0
-1 -1 -1 -1 -1 -1 -1 -1 -1 -1 -1 -1 -1 -1 -1 -1 -1 -1 -1 -1 -1 0 0 0 0 0 0 0 0 0 0 0 0 0 0 338 338 338 338 338 338 338 338 338 338 338 338 338 338 338 338 338 338 338 338 363 353 354 341 341 341 341 341 341 379 357 357 357 357 357 322 334 323 310 310 1293 1293 1293 1293 1293 1293 1293 1293 0 1293 1293 0 0 0 0 0 0 0 0 0 0
-1 -1 -1 -1 -1 -1 -1 -1 -1 -1 -1 -1 -1 -1 -1 -1 -1 -1 -1 -1 -1 0 0 0 0 0 0 0 0 0 0 0 0 0 0 0 338 338 338 338 338 338 338 338 338 338 338 338 338 338 338 338 338 338 338 363 353 354 341 341 341 341 341 379 379 357 357 357 357 308 308 322 313 310 1293 1293 1293 1293 1293 1293 1293 1293 1293 1293 1293 1293 0 0 0 0 0 0 0 0 0 0
-1 -1 -1 -1 -1 -1 -1 -1 -1 -1 -1 -1 -1 -1 -1 -1 -1 -1 -1 -1 0 0 0 0 0 0 0 0 0 0 0 0 0 0 0 0 0 338 338 338 338 338 338 338 338 338 338 338 338 338 338 338 338 338 338 352 331 339 341 341 341 355 305 305 308 308 308 357 308 308 308 308 312 310 1318 1318 1318 1318 1293 1293 1293 1293 1293 1293 1293 1293 1293 0 0 0 0 0 0 0 0 0
-1 -1 -1 -1 -1 -1 -1 -1 -1 -1 -1 -1 -1 -1 -1 -1 -1 -1 -1 -1 0 0 0 0 0 0 0 0 0 0 0 0 0 0 0 0 338 338 338 338 338 338 338 338 338 338 338 338 338 338 338 338 338 338 338 331 339 340 341 345 305 305 305 1315 308 308 308 308 1315 308 308 308 309 298 230 1318 1318 1318 1318 1318 1318 1318 1293 1293 1293 1293 1293 0 0 0 0 0 0 0 0 0
-1 -1 -1 -1 -1 -1 -1 -1 -1 -1 -1 -1 -1 -1 -1 -1 -1 -1 -1 -1 0 0 0 0 0 0 0 0 0 0 0 0 338 338 338 338 338 338 338 338 338 338 338 338 338 338 338 338 338 338 338 338 338 331 331 332 333 305 305 305 1315 1315 1315 1315 308 308 1315 1315 1315 230 308 308 308 287 230 1318 1318 1318 1318 1318 1318 1318 1318 1318 1318 1318 1293 0 0 0 295 283 284 268 0 0
-1 -1 -1 -1 -1 -1 -1 -1 -1 -1 -1 -1 -1 -1 -1 -1 -1 -1 -1 0 0 0 0 0 0 0 0 0 0 0 0 0 338 338 338 338 338 338 338 338 338 338 338 338 338 338 338 338 338 338 338 338 248 331 332 332 305 305 1315 1315 1315 1315 1315 1315 1315 1315 1315 1315 1315 230 297 297 297 230 230 1318 1318 1318 1318 1318 1318 1318 1318 1318 1318 1318 1318 0 0 303 304 282 276 268 0 0
-1 -1 -1 -1 -1 -1 -1 -1 -1 -1 -1 -1 -1 -1 -1 -1 -1 -1 -1 0 0 0 0 0 0 0 0 0 0 0 0 0 338 338 338 338 338 338 338 338 338 338 338 338 338 338 338 338 248 248 248 248 248 248 330 330 305 305 305 1315 1315 1315 1315 1315 1315 1315 1315 1315 230 230 230 230 230 230 230 230 1318 1318 1318 1318 201 201 201 1318 204 227 228 229 216 216 294 275 275 268 0 0
-1 -1 -1 -1 -1 -1 -1 -1 -1 -1 -1 -1 -1 -1 -1 -1 -1 -1 -1 0 0 0 0 0 0 0 0 0 0 0 0 0 338 338 338 338 338 338 338 338 338 338 338 338 338 338 338 338 248 248 248 248 248 248 248 321 305 305 305 1315 1315 1315 1315 1315 1315 1315 1315 1315 243 243 230 230 230 230 230 230 1318 1318 191 191 192 193 200 201 203 204 194 202 202 216 23 23 23 23 23 0
-1 -1 -1 -1 -1 -1 -1 -1 -1 -1 -1 -1 -1 -1 -1 -1 -1 -1 -1 0 0 0 0 0 0 0 0 0 0 0 0 0 338 338 338 338 338 338 338 338 338 338 338 338 338 338 338 413 414 248 248 248 248 248 248 320 305 305 306 306 1315 1315 1315 1315 1315 1315 1315 1315 243 243 230 230 230 230 230 230 230 184 184 190 191 192 193 173 173 185 185 194 202 23 23 23 23 23 1317 1307
-1 -1 -1 -1 -1 -1 -1 -1 -1 -1 -1 -1 -1 -1 -1 -1 -1 -1 -1 0 0 0 0 0 0 0 0 0 0 0 0 338 338 338 338 338 338 338 338 338 338 338 338 338 338 338 338 412 368 407 408 248 248 248 248 285 286 296 248 307 1315 1315 1315 1315 1315 1315 1315 1315 1315 243 230 230 230 230 230 232 183 184 184 184 190 191 172 173 173 185 185 194 23 23 23 23 23 23 23 1307
-1 -1 -1 -1 -1 -1 -1 -1 -1 -1 -1 -1 -1 -1 -1 -1 -1 -1 -1 0 0 0 0 0 0 0 0 0 0 0 0 0 338 338 338 338 338 338 338 338 338 338 338 338 338 338 368 368 368 368 424 425 248 248 248 285 286 248 248 248 1315 1315 1315 1315 1315 1315 1315 1315 1315 243 219 219 174 230 231 232 182 183 184 169 170 171 171 172 173 23 23 23 23 23 23 23 23 23 23 1307
-1 -1 -1 -1 -1 -1 -1 -1 -1 -1 -1 -1 -1 -1 -1 -1 -1 -1 -1 0 0 0 0 0 0 0 0 0 0 0 0 0 0 338 338 338 338 338 338 338 338 338 338 338 338 368 368 368 368 368 368 419 248 248 248 248 248 248 248 248 248 1315 1315 1315 1315 1315 1315 217 218 3 71 71 71 174 174 174 181 154 154 169 170 171 171 23 23 23 23 23 23 23 23 23 23 23 23 1316
-1 -1 -1 -1 -1 -1 -1 -1 -1 -1 -1 -1 -1 -1 -1 -1 -1 -1 -1 0 0 0 0 0 0 0 0 0 0 0 0 0 0 338 338 338 338 338 338 338 338 338 402 368 368 368 368 368 368 368 368 368 423 248 248 248 248 248 248 249 249 1315 1315 1315 208 209 210 211 3 3 3 70 71 71 174 174 215 181 154 142 142 155 23 23 23 23 23 23 23 23 23 23 23 23 23 23
-1 -1 -1 -1 -1 -1 -1 -1 -1 -1 -1 -1 -1 -1 -1 -1 -1 -1 -1 0 0 0 0 0 0 0 0 0 0 0 0 0 0 0 338 338 338 338 338 338 338 338 368 368 368 368 368 368 1311 368 368 368 368 368 248 248 248 249 249 249 3 250 263 207 3 3 3 3 3 3 70 70 70 71 71 174 180 140 126 115 141 142 23 23 23 23 23 23 23 23 23 23 23 23 23 53
-1 -1 -1 -1 -1 -1 -1 -1 -1 -1 -1 -1 -1 -1 -1 -1 -1 -1 -1 0 0 0 0 0 0 0 0 0 0 0 0 0 0 0 0 338 338 338 338 338 338 338 368 368 368 368 368 1311 1311 1311 1311 368 368 368 277 262 247 248 249 3 3 3 3 207 3 3 3 3 3 3 70 70 70 71 71 174 180 153 140 126 115 141 23 23 23 23 23 1313 1313 1313 1313 23 1313 1313 53 53
-1 -1 -1 -1 -1 -1 -1 -1 -1 -1 -1 -1 -1 -1 -1 -1 -1 0 0 0 0 0 0 0 0 0 0 0 0 0 0 0 0 0 0 0 338 338 338 338 338 382 368 368 368 368 1311 1311 1311 1311 1311 1311 368 368 262 261 241 241 242 3 3 3 3 3 3 3 3 3 3 3 3 70 70 71 71 174 179 180 153 140 126 115 100 23 23 1313 1313 1313 1313 1313 1313 1313 1313 1313 53 53
-1 -1 -1 -1 -1 -1 -1 -1 -1 -1 -1 -1 -1 -1 -1 -1 -1 0 0 0 0 0 0 0 0 0 0 0 0 0 0 0 0 0 0 0 0 338 338 375 376 377 368 368 368 1311 1311 1311 1311 1311 1311 1311 1311 368 368 241 241 240 3 3 3 3 3 3 3 3 3 3 3 3 3 70 70 71 71 144 128 112 112 112 113 114 100 23 23 1313 1313 1313 1313 1313 1313 1313 1313 1313 53 53
-1 -1 -1 -1 -1 -1 -1 -1 -1 -1 -1 -1 -1 -1 -1 -1 -1 0 0 0 0 0 0 0 0 0 0 0 0 0 0 0 0 0 0 0 0 0 338 375 375 376 368 368 1311 1311 1311 1311 1311 1311 1311 1311 1311 1311 368 429 240 239 3 3 3 3 3 3 3 3 3 3 3 3 3 3 70 70 71 129 119 128 112 112 112 113 99 23 23 1313 1313 1313 1313 1313 1313 1313 1313 1313 53 53
-1 -1 -1 -1 -1 -1 -1 -1 -1 -1 -1 -1 -1 -1 -1 -1 -1 0 0 0 0 0 0 0 0 0 0 0 0 0 0 0 0 0 0 0 0 0 370 370 375 375 368 1311 1311 1311 1311 1311 1311 1311 1311 1311 1311 1311 1311 368 245 238 3 3 3 3 3 3 3 3 3 3 3 3 3 3 3 70 70 71 118 119 128 112 112 112 98 23 23 23 1313 1313 1313 1313 1313 1313 1313 1313 1313 53
-1 -1 -1 -1 -1 -1 -1 -1 -1 -1 -1 -1 -1 -1 -1 -1 -1 -1 -1 0 0 0 0 0 0 0 0 0 0 0 0 0 0 0 0 0 0 0 362 370 370 370 370 368 1311 1311 1311 1311 1311 1311 1311 1311 1311 1311 1311 1311 206 246 3 3 3 3 3 3 3 3 3 3 3 3 3 3 3 3 70 70 71 71 101 82 83 98 84 23 23 23 1313 1313 1313 1313 1313 1313 1313 1313 1313 53
-1 -1 -1 -1 -1 -1 -1 -1 -1 -1 -1 -1 -1 -1 -1 -1 -1 -1 -1 -1 -1 0 0 0 0 0 0 0 0 0 0 0 0 0 0 0 0 0 362 362 362 362 362 362 273 1311 1311 1311 1311 1311 1311 1311 1311 1311 1311 1311 1311 206 237 3 3 3 3 3 3 3 3 3 3 3 3 3 3 3 69 70 71 71 101 81 23 23 23 23 23 23 23 1313 1313 1313 1313 1313 75 76 94 53
-1 -1 -1 -1 -1 -1 -1 -1 -1 -1 -1 -1 -1 -1 -1 -1 -1 -1 -1 -1 -1 -1 0 0 0 0 0 0 0 0 0 0 0 0 0 0 0 360 351 362 362 362 362 361 273 273 1311 1311 1311 1311 1311 1311 1311 1311 1311 1311 1311 1311 206 3 3 3 3 3 3 3 3 3 3 3 3 3 3 3 69 70 71 89 1312 1312 1312 23 23 1312 23 23 23 1313 1313 1313 49 49 39 39 39 39
-1 -1 -1 -1 -1 -1 -1 -1 -1 -1 -1 -1 -1 -1 -1 -1 -1 -1 -1 -1 -1 -1 -1 -1 0 0 0 0 0 0 0 0 0 0 0 389 389 360 360 351 351 351 351 351 273 273 273 1311 1311 1311 1311 1311 1311 1311 1311 1311 1311 1311 1311 206 3 3 3 3 3 3 3 3 3 3 3 3 3 3 3 59 1312 1312 1312 1312 1312 1312 1312 1312 23 23 23 40 41 18 18 18 18 18 39 39
-1 -1 -1 -1 -1 -1 -1 -1 -1 -1 -1 -1 -1 -1 -1 -1 -1 -1 -1 -1 -1 -1 -1 -1 -1 -1 -1 0 0 0 0 0 0 0 394 394 388 389 360 360 360 360 360 273 273 273 273 273 1311 1311 1311 1311 1311 1311 1311 1311 1311 1311 1311 1311 206 196 3 3 3 3 3 3 3 3 3 3 3 3 3 1312 1312 1312 1312 1312 1312 1312 1312 1312 1312 23 23 23 18 18 18 18 18 18 39 39
-1 -1 -1 -1 -1 -1 -1 -1 -1 -1 -1 -1 -1 -1 -1 -1 -1 -1 -1 -1 -1 -1 -1 -1 -1 -1 -1 0 0 0 0 0 400 400 401 374 374 374 374 359 359 359 359 359 273 273 273 273 273 1311 1311 1311 1311 1311 1311 1311 1311 1311 1311 1311 1311 205 195 3 3 3 3 3 3 3 3 3 3 3 3 50 1312 1312 1312 1312 1312 1312 1312 1312 1312 23 23 11 18 18 18 18 18 18 31 31
-1 -1 -1 -1 -1 -1 -1 -1 -1 -1 -1 -1 -1 -1 -1 -1 -1 -1 -1 -1 -1 -1 -1 -1 -1 -1 -1 0 0 0 0 0 400 400 400 374 374 374 374 374 374 359 329 329 329 273 273 273 1311 1311 1311 1311 1311 1311 1311 1311 1311 1311 1311 1311 1311 1311 186 143 3 3 88 3 3 3 3 3 3 3 3 3 1312 1312 1312 1312 1312 1312 1312 1312 1312 23 23 11 11 11 18 18 18 26 30 31
-1 -1 -1 -1 -1 -1 -1 -1 -1 -1 -1 -1 -1 -1 -1 -1 -1 -1 -1 -1 -1 -1 -1 -1 -1 -1 -1 0 0 0 0 400 411 400 400 374 374 374 1310 374 373 350 329 329 329 329 273 273 273 1311 1311 1311 1311 1311 1311 1311 1311 1311 1311 1311 1311 1311 1311 117 117 88 87 68 58 3 3 3 3 3 3 3 44 1312 1312 1312 1312 1312 1312 1312 1312 1312 19 11 11 11 11 18 18 26 1 1
-1 -1 -1 -1 -1 -1 -1 -1 -1 -1 -1 -1 -1 -1 -1 -1 -1 -1 -1 -1 -1 -1 -1 -1 -1 -1 -1 0 0 0 417 418 410 405 406 374 374 374 1310 1310 350 348 349 301 301 301 319 273 273 273 1311 1311 1311 1311 1311 1311 1311 1311 1311 1311 1311 1311 1311 1311 116 88 68 57 57 3 3 3 3 3 3 3 3 1312 1312 1312 1312 1312 1312 3 3 11 11 11 11 11 11 18 22 1 1 1
-1 -1 -1 -1 -1 -1 -1 -1 -1 -1 -1 -1 -1 -1 -1 -1 -1 -1 -1 -1 -1 -1 -1 -1 -1 -1 -1 0 0 421 422 417 405 405 374 374 374 1310 1310 1310 1310 349 337 301 301 301 301 302 273 273 273 273 214 1311 1311 1311 1311 1311 1311 1311 1311 1311 1311 116 116 127 67 56 3 3 3 3 3 3 3 3 3 32 1312 1312 1312 3 3 3 3 3 11 11 11 11 11 1 1 1 1 1
