demo_catchment/out/SWMM_in/demo_catchment_adap_subcatchments.asc
ncols        234
nrows        231
xllcorner    0.000000
yllcorner    0.000000
cellsize     1.000000
NODATA_value  -1
[rows 130 to 194 of 231, columns 0 to 95 of 234]
-1 -1 -1 -1 -1 -1 -1 -1 -1 -1 -1 -1 -1 -1 -1 -1 -1 -1 -1 -1 -1 -1 -1 -1 -1 -1 -1 -1 -1 -1 338 338 338 338 338 338 338 338 338 338 338 338 338 338 338 338 338 338 1262 1262 1283 431 431 431 431 431 431 1283 0 0 0 0 334 334 334 334 334 334 1260 1260 1260 1260 0 0 0 0 0 0 0 0 0 0 0 0 0 0 0 0 0 0 0 0 0 0 0 0
-1 -1 -1 -1 -1 -1 -1 -1 -1 -1 -1 -1 -1 -1 -1 -1 -1 -1 -1 -1 -1 -1 -1 -1 -1 -1 -1 -1 -1 -1 338 338 338 338 338 338 338 338 338 338 338 338 338 338 338 338 338 338 1262 1262 1283 431 431 431 1283 1283 1283 0 0 0 0 334 334 334 334 334 334 334 334 1260 1260 1282 0 0 0 0 0 0 0 0 0 0 0 0 0 0 0 0 0 0 0 0 0 0 0 0
-1 -1 -1 -1 -1 -1 -1 -1 -1 -1 -1 -1 -1 -1 -1 -1 -1 -1 -1 -1 -1 -1 -1 -1 -1 -1 -1 -1 -1 338 338 338 338 338 338 338 338 338 338 338 338 338 338 338 338 338 338 338 1262 1262 1283 1283 1283 1283 1283 1283 1283 0 0 0 334 334 334 334 334 334 334 334 334 1282 1282 0 0 0 0 0 0 0 0 0 0 0 0 0 0 0 0 0 0 0 0 0 0 0 0 0
-1 -1 -1 -1 -1 -1 -1 -1 -1 -1 -1 -1 -1 -1 -1 -1 -1 -1 -1 -1 -1 -1 -1 -1 -1 -1 -1 -1 -1 338 338 338 338 338 338 338 338 338 338 338 338 338 338 338 338 338 338 338 338 1262 1262 1283 1283 1283 1283 1283 0 0 0 0 334 334 334 334 334 334 334 334 334 427 1282 0 0 0 0 0 0 0 0 0 0 0 0 0 0 0 0 0 0 0 0 0 0 0 0 0
-1 -1 -1 -1 -1 -1 -1 -1 -1 -1 -1 -1 -1 -1 -1 -1 -1 -1 -1 -1 -1 -1 -1 -1 -1 -1 -1 -1 338 338 338 338 338 338 338 338 338 338 338 338 338 338 338 338 338 338 338 338 338 338 1262 1262 1262 1283 1283 1283 1277 1277 1277 392 420 416 334 334 334 334 334 334 334 0 0 0 0 0 0 0 0 0 0 0 0 0 0 0 0 0 0 0 0 0 0 0 0 0 0 0
-1 -1 -1 -1 -1 -1 -1 -1 -1 -1 -1 -1 -1 -1 -1 -1 -1 -1 -1 -1 -1 -1 0 0 0 0 0 338 338 338 338 338 338 338 338 338 338 338 338 338 338 338 338 338 338 338 338 338 338 338 338 1262 1262 1262 1262 1277 1277 1277 1277 1277 392 415 334 334 334 334 334 334 334 0 0 0 0 0 0 0 0 0 0 0 0 0 0 0 0 0 0 0 0 0 0 0 0 0 0 0
-1 -1 -1 -1 -1 -1 -1 -1 -1 -1 -1 -1 -1 -1 -1 -1 -1 -1 -1 -1 -1 -1 0 0 338 338 338 338 338 338 338 338 338 338 338 338 338 338 338 338 338 338 338 338 338 338 338 338 338 338 338 1262 1262 1262 1262 1262 1277 1277 1277 1277 392 396 396 334 334 334 334 334 334 0 0 0 0 0 0 0 0 0 0 0 0 0 0 0 0 0 0 0 0 0 0 0 0 0 0 0
-1 -1 -1 -1 -1 -1 -1 -1 -1 -1 -1 -1 -1 -1 -1 -1 -1 -1 -1 -1 -1 -1 0 0 338 338 338 338 338 338 338 338 338 338 338 338 338 338 338 338 338 338 338 338 338 338 338 338 338 338 338 1262 1262 1262 1262 1262 1277 1277 1277 1277 1277 392 392 334 334 334 334 334 334 0 0 0 0 0 0 0 0 0 0 0 0 0 0 0 0 0 0 0 0 0 0 0 0 0 0 0
-1 -1 -1 -1 -1 -1 -1 -1 -1 -1 -1 -1 -1 -1 -1 -1 -1 -1 -1 -1 -1 -1 0 0 0 338 338 338 338 338 338 338 338 338 338 338 338 338 338 338 338 338 338 338 338 338 338 338 338 338 338 338 1262 1262 1262 1262 1262 1277 1277 1277 1277 392 392 334 334 334 334 334 334 0 0 0 0 0 0 0 0 0 0 0 0 0 0 0 0 0 0 0 0 0 0 0 0 0 0 0
-1 -1 -1 -1 -1 -1 -1 -1 -1 -1 -1 -1 -1 -1 -1 -1 -1 -1 -1 -1 -1 -1 0 0 0 338 338 338 338 338 338 338 338 338 338 338 338 338 338 338 338 338 338 338 338 338 338 338 338 338 338 338 1262 1262 1262 1262 1271 1275 1275 1277 1277 1276 391 334 334 334 334 334 334 334 0 0 0 0 0 0 0 0 0 0 0 0 0 0 0 0 0 0 0 0 0 0 0 0 0 0
-1 -1 -1 -1 -1 -1 -1 -1 -1 -1 -1 -1 -1 -1 -1 -1 -1 -1 -1 -1 -1 -1 0 0 0 0 0 338 338 338 338 338 338 338 338 338 338 338 338 338 338 338 338 338 338 338 338 338 338 338 338 338 338 1262 1262 1267 1271 1275 1275 1275 1263 1279 395 372 334 334 334 334 334 334 334 0 0 0 0 0 0 0 0 0 0 0 0 0 0 0 0 0 0 0 0 0 0 0 0 0
-1 -1 -1 -1 -1 -1 -1 -1 -1 -1 -1 -1 -1 -1 -1 -1 -1 -1 -1 -1 -1 -1 0 0 0 0 0 338 338 338 338 338 338 338 338 338 338 338 338 338 338 338 338 338 338 338 338 338 338 338 338 338 338 1267 1267 1267 1271 1271 1275 1275 1263 1263 341 341 372 334 334 334 334 334 334 0 0 0 0 0 0 0 0 0 0 0 0 0 0 0 0 0 0 0 0 0 0 0 0 0
-1 -1 -1 -1 -1 -1 -1 -1 -1 -1 -1 -1 -1 -1 -1 -1 -1 -1 -1 -1 -1 -1 0 0 0 0 0 0 0 0 0 338 338 338 338 338 338 338 338 338 338 338 338 338 338 338 338 338 338 338 338 338 363 363 1267 1267 1271 1271 1272 390 341 341 341 341 378 372 372 334 334 334 334 0 0 0 0 0 0 0 0 0 0 0 0 0 0 0 0 0 0 0 0 0 0 0 0 0
-1 -1 -1 -1 -1 -1 -1 -1 -1 -1 -1 -1 -1 -1 -1 -1 -1 -1 -1 -1 -1 -1 0 0 0 0 0 0 0 0 0 338 338 338 338 338 338 338 338 338 338 338 338 338 338 338 338 338 338 338 338 338 363 363 1267 1267 1267 383 384 341 341 341 341 341 378 378 371 372 334 334 334 0 0 0 0 0 0 0 0 0 0 0 0 0 0 0 0 0 0 0 0 0 0 0 0 0
-1 -1 -1 -1 -1 -1 -1 -1 -1 -1 -1 -1 -1 -1 -1 -1 -1 -1 -1 -1 -1 -1 0 0 0 0 0 0 0 0 0 0 338 338 338 338 338 338 338 338 338 338 338 338 338 338 338 338 338 338 338 338 363 363 1267 363 363 363 341 341 341 341 341 341 378 378 371 371 372 334 334 334 334 0 0 0 0 0 0 0 0 0 0 0 0 0 0 0 0 0 0 0 0 0 0 0
-1 -1 -1 -1 -1 -1 -1 -1 -1 -1 -1 -1 -1 -1 -1 -1 -1 -1 -1 -1 -1 -1 0 0 0 0 0 0 0 0 0 0 0 0 0 338 338 338 338 338 338 338 338 338 338 338 338 338 338 338 338 338 363 363 363 363 363 341 341 341 341 341 341 341 378 378 371 371 364 364 358 334 334 0 0 0 0 0 0 0 0 0 0 0 0 0 0 0 0 0 0 0 0 0 0 0
-1 -1 -1 -1 -1 -1 -1 -1 -1 -1 -1 -1 -1 -1 -1 -1 -1 -1 -1 -1 -1 -1 0 0 0 0 0 0 0 0 0 0 0 0 0 338 338 338 338 338 338 338 338 338 338 338 338 338 338 338 338 338 338 363 363 363 363 341 341 341 341 341 341 341 379 378 357 357 357 357 357 334 334 334 334 335 342 310 0 0 0 0 0 0 0 0 0 0 0 0 0 0 0 0 0 0
-1 -1 -1 -1 -1 -1 -1 -1 -1 -1 -1 -1 -1 -1 -1 -1 -1 -1 -1 -1 -1 0 0 0 0 0 0 0 0 0 0 0 0 0 0 338 338 338 338 338 338 338 338 338 338 338 338 338 338 338 338 338 338 363 363 363 363 341 341 341 341 341 341 341 379 357 357 357 357 357 356 334 334 327 310 310 310 1254 0 0 0 0 0 0 0 0 0 0 0 0 0 0 0 0 0 0
-1 -1 -1 -1 -1 -1 -1 -1 -1 -1 -1 -1 -1 -1 -1 -1 -1 -1 -1 -1 -1 0 0 0 0 0 0 0 0 0 0 0 0 0 0 338 338 338 338 338 338 338 338 338 338 338 338 338 338 338 338 338 338 338 338 363 353 354 341 341 341 341 341 341 379 357 357 357 357 357 322 334 323 310 310 1254 1254 1254 0 0 0 0 0 0 0 0 0 0 0 0 0 0 0 0 0 0
-1 -1 -1 -1 -1 -1 -1 -1 -1 -1 -1 -1 -1 -1 -1 -1 -1 -1 -1 -1 -1 0 0 0 0 0 0 0 0 0 0 0 0 0 0 0 338 338 338 338 338 338 338 338 338 338 338 338 338 338 338 338 338 338 338 363 353 354 341 341 341 341 341 379 379 357 357 357 357 308 308 322 313 310 1254 1254 1254 1254 1254 0 0 0 0 0 0 0 0 0 0 0 0 0 0 0 0 0
-1 -1 -1 -1 -1 -1 -1 -1 -1 -1 -1 -1 -1 -1 -1 -1 -1 -1 -1 -1 0 0 0 0 0 0 0 0 0 0 0 0 0 0 0 0 0 338 338 338 338 338 338 338 338 338 338 338 338 338 338 338 338 338 338 352 331 339 341 341 341 355 305 305 308 308 308 357 308 308 308 308 312 310 1241 1241 1241 1241 1254 0 0 0 0 0 0 0 0 0 0 0 0 0 0 0 0 0
-1 -1 -1 -1 -1 -1 -1 -1 -1 -1 -1 -1 -1 -1 -1 -1 -1 -1 -1 -1 0 0 0 0 0 0 0 0 0 0 0 0 0 0 0 0 338 338 338 338 338 338 338 338 338 338 338 338 338 338 338 338 338 338 338 331 339 340 341 345 305 305 305 1250 308 308 308 308 1253 308 308 308 309 298 230 1241 1241 1241 1226 1226 1226 1226 1226 0 0 0 0 0 0 0 0 0 0 0 0 0
-1 -1 -1 -1 -1 -1 -1 -1 -1 -1 -1 -1 -1 -1 -1 -1 -1 -1 -1 -1 0 0 0 0 0 0 0 0 0 0 0 0 338 338 338 338 338 338 338 338 338 338 338 338 338 338 338 338 338 338 338 338 338 331 331 332 333 305 305 305 1250 1250 1250 1253 308 308 1253 1253 1241 230 308 308 308 287 230 1241 1241 1241 1226 1226 1226 1226 1226 1226 1227 1239 0 0 0 0 295 283 284 268 0 0
-1 -1 -1 -1 -1 -1 -1 -1 -1 -1 -1 -1 -1 -1 -1 -1 -1 -1 -1 0 0 0 0 0 0 0 0 0 0 0 0 0 338 338 338 338 338 338 338 338 338 338 338 338 338 338 338 338 338 338 338 338 248 331 332 332 305 305 1250 1250 1250 1250 1250 1253 1253 1253 1253 1241 1241 230 297 297 297 230 230 1241 1241 1225 1225 1226 1226 1226 1226 1226 1227 1239 1240 0 0 303 304 282 276 268 0 0
-1 -1 -1 -1 -1 -1 -1 -1 -1 -1 -1 -1 -1 -1 -1 -1 -1 -1 -1 0 0 0 0 0 0 0 0 0 0 0 0 0 338 338 338 338 338 338 338 338 338 338 338 338 338 338 338 338 248 248 248 248 248 248 330 330 305 305 305 1250 1250 1251 1253 1253 1253 1253 1241 1241 230 230 230 230 230 230 230 230 1241 1225 1225 1225 201 201 201 1226 204 227 228 229 216 216 294 275 275 268 0 0
-1 -1 -1 -1 -1 -1 -1 -1 -1 -1 -1 -1 -1 -1 -1 -1 -1 -1 -1 0 0 0 0 0 0 0 0 0 0 0 0 0 338 338 338 338 338 338 338 338 338 338 338 338 338 338 338 338 248 248 248 248 248 248 248 321 305 305 305 1251 1251 1251 1251 1253 1253 1242 1242 1242 243 243 230 230 230 230 230 230 1241 1222 191 191 192 193 200 201 203 204 194 202 202 216 23 23 23 23 23 0
-1 -1 -1 -1 -1 -1 -1 -1 -1 -1 -1 -1 -1 -1 -1 -1 -1 -1 -1 0 0 0 0 0 0 0 0 0 0 0 0 0 338 338 338 338 338 338 338 338 338 338 338 338 338 338 338 413 414 248 248 248 248 248 248 320 305 305 306 306 1251 1251 1251 1251 1231 1242 1242 1242 243 243 230 230 230 230 230 230 230 184 184 190 191 192 193 173 173 185 185 194 202 23 23 23 23 23 1200 0
-1 -1 -1 -1 -1 -1 -1 -1 -1 -1 -1 -1 -1 -1 -1 -1 -1 -1 -1 0 0 0 0 0 0 0 0 0 0 0 0 338 338 338 338 338 338 338 338 338 338 338 338 338 338 338 338 412 368 407 408 248 248 248 248 285 286 296 248 307 1252 1252 1243 1231 1231 1235 1235 1242 1242 243 230 230 230 230 230 232 183 184 184 184 190 191 172 173 173 185 185 194 23 23 23 23 23 23 23 1200
-1 -1 -1 -1 -1 -1 -1 -1 -1 -1 -1 -1 -1 -1 -1 -1 -1 -1 -1 0 0 0 0 0 0 0 0 0 0 0 0 0 338 338 338 338 338 338 338 338 338 338 338 338 338 338 368 368 368 368 424 425 248 248 248 285 286 248 248 248 1243 1243 1243 1231 1231 1232 1235 1235 1236 243 219 219 174 230 231 232 182 183 184 169 170 171 171 172 173 23 23 23 23 23 23 23 23 23 23 1200
-1 -1 -1 -1 -1 -1 -1 -1 -1 -1 -1 -1 -1 -1 -1 -1 -1 -1 -1 0 0 0 0 0 0 0 0 0 0 0 0 0 0 338 338 338 338 338 338 338 338 338 338 338 338 368 368 368 368 368 368 419 248 248 248 248 248 248 248 248 248 1243 1247 1231 1231 1232 1233 217 218 3 71 71 71 174 174 174 181 154 154 169 170 171 171 23 23 23 23 23 23 23 23 23 23 23 23 1200
-1 -1 -1 -1 -1 -1 -1 -1 -1 -1 -1 -1 -1 -1 -1 -1 -1 -1 -1 0 0 0 0 0 0 0 0 0 0 0 0 0 0 338 338 338 338 338 338 338 338 338 402 368 368 368 368 368 368 368 368 368 423 248 248 248 248 248 248 249 249 1244 1247 1230 208 209 210 211 3 3 3 70 71 71 174 174 215 181 154 142 142 155 23 23 23 23 23 23 23 23 23 23 23 23 23 23
-1 -1 -1 -1 -1 -1 -1 -1 -1 -1 -1 -1 -1 -1 -1 -1 -1 -1 -1 0 0 0 0 0 0 0 0 0 0 0 0 0 0 0 338 338 338 338 338 338 338 338 368 368 368 368 368 368 1269 368 368 368 368 368 248 248 248 249 249 249 3 250 263 207 3 3 3 3 3 3 70 70 70 71 71 174 180 140 126 115 141 142 23 23 23 23 23 23 23 23 23 23 23 23 23 53
-1 -1 -1 -1 -1 -1 -1 -1 -1 -1 -1 -1 -1 -1 -1 -1 -1 -1 -1 0 0 0 0 0 0 0 0 0 0 0 0 0 0 0 0 338 338 338 338 338 338 338 368 368 368 368 368 1269 1269 1269 1269 368 368 368 277 262 247 248 249 3 3 3 3 207 3 3 3 3 3 3 70 70 70 71 71 174 180 153 140 126 115 141 23 23 23 23 23 1200 1200 1200 1200 23 1200 1207 53 53
-1 -1 -1 -1 -1 -1 -1 -1 -1 -1 -1 -1 -1 -1 -1 -1 -1 0 0 0 0 0 0 0 0 0 0 0 0 0 0 0 0 0 0 0 338 338 338 338 338 382 368 368 368 368 1269 1269 1269 1269 1269 1269 368 368 262 261 241 241 242 3 3 3 3 3 3 3 3 3 3 3 3 70 70 71 71 174 179 180 153 140 126 115 100 23 23 1200 1200 1200 1200 1200 1200 1200 1200 1207 53 53
-1 -1 -1 -1 -1 -1 -1 -1 -1 -1 -1 -1 -1 -1 -1 -1 -1 0 0 0 0 0 0 0 0 0 0 0 0 0 0 0 0 0 0 0 0 338 338 375 376 377 368 368 368 1269 1269 1269 1269 1269 1269 1269 1269 368 368 241 241 240 3 3 3 3 3 3 3 3 3 3 3 3 3 70 70 71 71 144 128 112 112 112 113 114 100 23 23 1200 1200 1200 1200 1200 1200 1200 1207 1207 53 53
-1 -1 -1 -1 -1 -1 -1 -1 -1 -1 -1 -1 -1 -1 -1 -1 -1 0 0 0 0 0 0 0 0 0 0 0 0 0 0 0 0 0 0 0 0 0 338 375 375 376 368 368 1269 1269 1269 1269 1269 1269 1269 1269 1269 1269 368 429 240 239 3 3 3 3 3 3 3 3 3 3 3 3 3 3 70 70 71 129 119 128 112 112 112 113 99 23 23 1200 1200 1200 1200 1200 1200 1207 1207 1207 53 53
-1 -1 -1 -1 -1 -1 -1 -1 -1 -1 -1 -1 -1 -1 -1 -1 -1 0 0 0 0 0 0 0 0 0 0 0 0 0 0 0 0 0 0 0 0 0 370 370 375 375 368 1269 1269 1249 1249 1249 1249 1269 1269 1269 1269 1269 1269 368 245 238 3 3 3 3 3 3 3 3 3 3 3 3 3 3 3 70 70 71 118 119 128 112 112 112 98 23 23 23 1200 1200 1200 1205 1209 1209 1209 1207 1207 53
-1 -1 -1 -1 -1 -1 -1 -1 -1 -1 -1 -1 -1 -1 -1 -1 -1 -1 -1 0 0 0 0 0 0 0 0 0 0 0 0 0 0 0 0 0 0 0 362 370 370 370 370 368 1249 1249 1249 1249 1249 1249 1269 1269 1269 1269 1269 1229 206 246 3 3 3 3 3 3 3 3 3 3 3 3 3 3 3 3 70 70 71 71 101 82 83 98 84 23 23 23 1200 1200 1200 1205 1205 1209 1209 1210 1213 53
-1 -1 -1 -1 -1 -1 -1 -1 -1 -1 -1 -1 -1 -1 -1 -1 -1 -1 -1 -1 -1 0 0 0 0 0 0 0 0 0 0 0 0 0 0 0 0 0 362 362 362 362 362 362 273 1249 1249 1249 1249 1249 1249 1269 1269 1269 1229 1229 1229 206 237 3 3 3 3 3 3 3 3 3 3 3 3 3 3 3 69 70 71 71 101 81 23 23 23 23 23 23 23 1200 1203 1205 1205 1205 75 76 94 53
-1 -1 -1 -1 -1 -1 -1 -1 -1 -1 -1 -1 -1 -1 -1 -1 -1 -1 -1 -1 -1 -1 0 0 0 0 0 0 0 0 0 0 0 0 0 0 0 360 351 362 362 362 362 361 273 273 1249 1249 1249 1249 1249 1249 1269 1229 1229 1229 1229 1229 206 3 3 3 3 3 3 3 3 3 3 3 3 3 3 3 69 70 71 89 1212 1211 1200 23 23 1200 23 23 23 1202 1203 1199 49 49 39 39 39 39
-1 -1 -1 -1 -1 -1 -1 -1 -1 -1 -1 -1 -1 -1 -1 -1 -1 -1 -1 -1 -1 -1 -1 -1 0 0 0 0 0 0 0 0 0 0 0 389 389 360 360 351 351 351 351 351 273 273 273 1249 1249 1249 1249 1249 1249 1229 1229 1229 1229 1229 1229 206 3 3 3 3 3 3 3 3 3 3 3 3 3 3 3 59 1208 1212 1212 1211 1200 1200 1200 1200 23 23 23 40 41 18 18 18 18 18 39 39
-1 -1 -1 -1 -1 -1 -1 -1 -1 -1 -1 -1 -1 -1 -1 -1 -1 -1 -1 -1 -1 -1 -1 -1 -1 -1 -1 0 0 0 0 0 0 0 394 394 388 389 360 360 360 360 360 273 273 273 273 273 1249 1249 1249 1249 1249 1229 1229 1229 1229 1229 1229 1229 206 196 3 3 3 3 3 3 3 3 3 3 3 3 3 1206 1206 1212 1212 1212 1200 1200 1200 1200 1200 23 23 23 18 18 18 18 18 18 39 39
-1 -1 -1 -1 -1 -1 -1 -1 -1 -1 -1 -1 -1 -1 -1 -1 -1 -1 -1 -1 -1 -1 -1 -1 -1 -1 -1 0 0 0 0 0 400 400 401 374 374 374 374 359 359 359 359 359 273 273 273 273 273 1249 1249 1249 1234 1234 1234 1229 1229 1229 1229 1229 1228 205 195 3 3 3 3 3 3 3 3 3 3 3 3 50 1206 1206 1204 1204 1200 1200 1200 1200 1200 23 23 11 18 18 18 18 18 18 31 31
-1 -1 -1 -1 -1 -1 -1 -1 -1 -1 -1 -1 -1 -1 -1 -1 -1 -1 -1 -1 -1 -1 -1 -1 -1 -1 -1 0 0 0 0 0 400 400 400 374 374 374 374 374 374 359 329 329 329 273 273 273 1249 1249 1249 1249 1234 1234 1234 1234 1229 1229 1229 1228 1228 1223 186 143 3 3 88 3 3 3 3 3 3 3 3 3 1204 1204 1204 1204 1197 1197 1197 1197 1200 23 23 11 11 11 18 18 18 26 30 31
-1 -1 -1 -1 -1 -1 -1 -1 -1 -1 -1 -1 -1 -1 -1 -1 -1 -1 -1 -1 -1 -1 -1 -1 -1 -1 -1 0 0 0 0 400 411 400 400 374 374 374 1270 374 373 350 329 329 329 329 273 273 273 1249 1249 1249 1234 1234 1234 1234 1234 1229 1228 1228 1223 1223 1215 117 117 88 87 68 58 3 3 3 3 3 3 3 44 1204 1204 1201 1197 1197 1197 1197 1197 1198 19 11 11 11 11 18 18 26 1 1
-1 -1 -1 -1 -1 -1 -1 -1 -1 -1 -1 -1 -1 -1 -1 -1 -1 -1 -1 -1 -1 -1 -1 -1 -1 -1 -1 0 0 0 417 418 410 405 406 374 374 374 1270 1266 350 348 349 301 301 301 319 273 273 273 1249 1249 1234 1234 1234 1234 1234 1234 1214 1214 1214 1214 1214 1214 116 88 68 57 57 3 3 3 3 3 3 3 3 1201 1201 1197 1197 1197 1197 3 3 11 11 11 11 11 11 18 22 1 1 1
-1 -1 -1 -1 -1 -1 -1 -1 -1 -1 -1 -1 -1 -1 -1 -1 -1 -1 -1 -1 -1 -1 -1 -1 -1 -1 -1 0 0 421 422 417 405 405 374 374 374 1270 1270 1266 1265 349 337 301 301 301 301 302 273 273 273 273 214 1234 1234 1234 1234 1234 1234 1214 1214 1214 1214 116 116 127 67 56 3 3 3 3 3 3 3 3 3 32 1201 1197 1197 3 3 3 3 3 11 11 11 11 11 1 1 1 1 1
-1 -1 -1 -1 -1 -1 -1 -1 -1 -1 -1 -1 -1 -1 -1 -1 -1 -1 -1 -1 -1 -1 -1 -1 -1 -1 -1 0 426 426 421 405 405 374 374 374 1270 1270 1270 1265 1265 1265 1261 336 326 301 301 301 293 273 273 274 214 214 1234 1234 1234 1234 1234 1220 1214 1214 116 189 177 86 42 42 55 3 3 3 3 3 3 3 3 3 1197 3 3 3 3 3 3 3 3 7 11 12 1 1 1 1 1 1
-1 -1 -1 -1 -1 -1 -1 -1 -1 -1 -1 -1 -1 -1 -1 -1 -1 -1 -1 -1 -1 -1 -1 -1 -1 -1 -1 430 428 405 405 405 374 374 374 1270 1270 1270 1270 1265 1265 1265 1261 1259 325 318 301 301 291 292 272 267 214 214 214 1234 1234 1234 1224 1220 1220 116 151 135 177 85 66 42 42 42 43 3 3 3 3 3 3 3 3 3 3 3 3 3 3 3 3 7 7 1 1 1 1 1 1 1
-1 -1 -1 -1 -1 -1 -1 -1 -1 -1 -1 -1 -1 -1 -1 -1 -1 -1 -1 -1 -1 -1 -1 -1 -1 -1 -1 430 405 405 405 0 374 374 1270 1270 1270 1270 1270 1265 1265 1261 1259 1259 1257 316 317 291 291 291 271 267 260 244 214 214 214 1224 1224 1219 161 108 122 109 93 152 65 33 33 33 33 34 3 3 3 3 3 3 3 3 3 3 3 3 3 3 4 1 1 1 1 1 1 1 1 1
-1 -1 -1 -1 -1 -1 -1 -1 -1 -1 -1 -1 -1 -1 -1 -1 -1 -1 -1 -1 -1 -1 -1 -1 -1 -1 -1 0 0 0 0 0 374 1270 1270 1270 1270 1270 1270 1265 1265 1259 1259 1257 1257 1255 311 291 291 291 267 260 260 234 234 235 213 188 1224 160 150 121 108 122 109 93 152 33 33 33 1 33 35 3 3 3 3 3 3 3 3 3 3 3 4 4 1 1 1 1 1 1 1 1 1 1
-1 -1 -1 -1 -1 -1 -1 -1 -1 -1 -1 -1 -1 -1 -1 -1 -1 -1 -1 -1 -1 -1 -1 -1 -1 -1 -1 0 0 0 0 0 0 1270 1270 1270 1270 1270 1270 1265 1268 1268 1268 1257 1256 1256 314 315 291 267 281 259 258 234 234 224 159 159 188 176 134 121 107 108 93 93 1 1 1 1 1 1 1 27 3 3 3 3 3 3 3 3 3 3 4 1 1 1 1 1 1 1 1 1 1 1
-1 -1 -1 -1 -1 -1 -1 -1 -1 -1 -1 -1 -1 -1 -1 -1 -1 -1 -1 -1 -1 -1 -1 -1 -1 -1 -1 0 0 0 0 0 0 0 1270 1270 1270 1270 1268 1268 1268 1268 1268 1268 1268 1256 1258 324 267 281 259 259 259 259 234 224 159 159 159 149 133 134 121 107 92 1 1 1 1 1 1 1 1 1 24 21 3 3 3 3 3 3 3 3 1 1 1 1 1 1 1 1 1 1 1 1
-1 -1 -1 -1 -1 -1 -1 -1 -1 -1 -1 -1 -1 -1 -1 -1 -1 -1 -1 -1 -1 -1 -1 -1 -1 -1 -1 0 0 0 0 0 0 0 0 1270 1270 1278 1278 1268 1268 1268 1268 1268 1268 1268 1258 324 300 259 259 259 259 259 259 157 157 157 159 159 149 133 106 106 1 1 1 1 1 1 1 1 1 1 1 20 17 3 3 3 3 2 6 1 1 1 1 1 1 1 1 1 1 1 1 1
-1 -1 -1 -1 -1 -1 -1 -1 -1 -1 -1 -1 -1 -1 -1 -1 -1 -1 -1 -1 -1 -1 -1 -1 -1 -1 -1 0 0 0 0 0 0 0 0 0 1278 1278 1278 1278 1268 1268 1268 1268 366 366 324 259 259 259 259 259 259 259 289 157 157 157 157 158 74 105 105 105 1 1 1 1 1 1 1 1 1 1 1 1 16 15 3 3 5 1 1 1 1 1 1 1 1 1 1 1 1 1 438 438
-1 -1 -1 -1 -1 -1 -1 -1 -1 -1 -1 -1 -1 -1 -1 -1 -1 -1 -1 -1 -1 -1 -1 -1 -1 -1 -1 0 0 0 0 0 0 0 0 0 1278 1278 1278 1278 1278 1268 1268 366 366 366 367 289 289 289 289 289 289 289 289 289 157 157 157 157 74 74 74 74 74 74 1 1 1 1 1 1 1 1 1 1 14 3 3 3 1 1 1 1 1 1 1 1 1 1 1 1 1 438 438 438
-1 -1 -1 -1 -1 -1 -1 -1 -1 -1 -1 -1 -1 -1 -1 -1 -1 -1 -1 -1 -1 -1 -1 -1 -1 -1 -1 0 0 0 0 0 0 0 0 1278 1278 1278 1278 1278 1278 1278 366 366 369 365 347 289 289 344 344 328 328 289 289 289 289 148 148 148 148 132 120 104 91 62 62 1 1 1 1 1 1 1 1 1 8 9 10 1 1 1 1 1 1 1 1 1 1 1 1 1 438 438 438 438
-1 -1 -1 -1 -1 -1 -1 -1 -1 -1 -1 -1 -1 -1 -1 -1 -1 -1 -1 -1 -1 -1 -1 -1 -1 -1 -1 0 0 0 0 0 0 0 0 1278 1278 1278 1278 1278 1278 393 393 393 393 346 346 347 347 343 264 264 264 264 289 288 288 289 148 156 132 131 52 52 52 52 52 52 1 1 1 1 1 1 1 1 13 8 1 1 1 1 1 1 1 1 1 1 1 1 1 438 438 438 438 438
-1 -1 -1 -1 -1 -1 -1 -1 -1 -1 -1 -1 -1 -1 -1 -1 -1 -1 -1 -1 -1 -1 -1 -1 -1 -1 -1 0 0 0 0 0 0 0 0 1278 1278 1278 1278 1278 393 393 393 393 393 409 346 346 346 264 264 1248 1248 264 264 299 288 288 253 253 131 130 52 52 52 52 52 48 48 37 38 1 1 1 1 1 1 1 1 1 1 1 1 1 1 1 1 1 1 1 438 438 438 438 438 438
-1 -1 -1 -1 -1 -1 -1 -1 -1 -1 -1 -1 -1 -1 -1 -1 -1 -1 -1 -1 -1 -1 -1 -1 -1 -1 -1 0 0 0 0 0 0 0 0 0 1280 1278 1278 393 398 398 393 393 393 409 346 346 1264 264 1248 1248 1248 1248 1248 264 299 253 253 253 253 269 38 38 38 38 38 38 38 38 38 1 1 1 1 1 1 1 1 1 1 1 1 1 1 1 1 1 438 438 438 438 438 438 438 438
-1 -1 -1 -1 -1 -1 -1 -1 -1 -1 -1 -1 -1 -1 -1 -1 -1 -1 -1 -1 -1 -1 -1 -1 -1 -1 -1 0 0 0 0 0 0 0 0 0 1280 1280 1280 403 403 398 393 393 393 404 399 1281 1264 1248 1248 1248 1248 1248 1248 1248 264 264 253 253 253 253 147 38 38 38 38 38 38 38 51 1 1 1 1 1 1 1 1 1 1 1 1 1 1 1 1 438 438 438 438 438 438 438 438 438
-1 -1 -1 -1 -1 -1 -1 -1 -1 -1 -1 -1 -1 -1 -1 -1 -1 -1 -1 -1 -1 -1 -1 -1 -1 -1 -1 0 0 0 0 0 0 0 0 0 1280 1280 397 397 403 398 398 393 393 399 1246 1246 1246 1248 1248 1248 1248 1248 1248 1248 1248 264 265 266 252 253 147 147 38 38 72 72 60 61 51 29 25 1 1 1 1 1 1 1 1 1 1 1 1 438 438 438 438 438 438 438 438 438 438 447
-1 -1 -1 -1 -1 -1 -1 -1 -1 -1 -1 -1 -1 -1 -1 -1 -1 -1 -1 -1 -1 -1 -1 -1 -1 -1 -1 0 0 0 0 0 0 0 0 0 0 1274 1274 397 397 257 398 393 393 399 257 257 1246 1246 1246 1248 1248 1245 1245 1245 1248 1248 264 147 147 147 147 147 147 147 103 61 61 51 73 28 1 1 1 1 1 1 1 1 1 1 1 1 438 438 438 438 438 438 438 438 438 441 445 446
-1 -1 -1 -1 -1 -1 -1 -1 -1 -1 -1 -1 -1 -1 -1 -1 -1 -1 -1 -1 -1 -1 -1 -1 -1 -1 0 0 0 0 0 0 0 0 0 0 0 1273 387 381 381 257 257 393 399 257 257 1246 1246 1246 1246 1246 1245 1245 1245 1245 1245 264 147 147 147 147 147 147 147 147 147 147 147 147 36 1 1 1 1 1 1 1 1 1 1 1 1 438 438 438 438 438 438 438 438 438 439 440 440 448
-1 -1 -1 -1 -1 -1 -1 -1 -1 -1 -1 -1 -1 -1 -1 -1 -1 -1 -1 -1 -1 -1 -1 -1 -1 -1 0 0 0 0 0 0 0 0 0 0 0 386 387 380 381 381 257 257 257 257 1246 1246 1246 1246 1246 1218 1218 1218 1245 1245 251 147 147 147 147 147 147 147 147 147 147 147 147 47 1 1 1 1 1 1 1 1 1 1 1 1 438 438 438 438 438 438 438 438 438 442 443 443 0 0
