demo_catchment/out/SWMM_in/demo_catchment_adap_subcatchments.asc
ncols        234
nrows        231
xllcorner    0.000000
yllcorner    0.000000
cellsize     1.000000
NODATA_value  -1
[rows 0 to 58 of 231, columns 96 to 191 of 234]
-1 -1 -1 -1 -1 -1 -1 -1 -1 -1 -1 -1 -1 -1 -1 -1 -1 -1 -1 -1 -1 -1 -1 -1 -1 -1 -1 -1 1306 1306 -1 -1 -1 -1 -1 -1 -1 -1 -1 -1 -1 -1 -1 -1 -1 -1 -1 -1 -1 -1 -1 -1 -1 -1 -1 -1 -1 -1 -1 -1 -1 -1 -1 -1 -1 -1 -1 -1 -1 -1 -1 -1 -1 -1 -1 -1 -1 -1 -1 -1 -1 -1 -1 -1 -1 -1 -1 -1 -1 -1 -1 -1 -1 -1 -1 -1
-1 -1 -1 -1 -1 -1 -1 -1 -1 -1 -1 -1 -1 -1 -1 -1 -1 -1 -1 -1 -1 -1 -1 1306 1306 1306 1306 1306 1306 1306 -1 -1 -1 -1 -1 -1 -1 -1 -1 -1 -1 -1 -1 -1 -1 -1 -1 -1 -1 -1 -1 -1 -1 -1 -1 -1 -1 -1 -1 -1 -1 -1 -1 -1 -1 -1 -1 -1 -1 -1 -1 -1 -1 -1 -1 -1 -1 -1 -1 -1 -1 -1 -1 -1 -1 -1 -1 -1 -1 -1 -1 -1 -1 -1 -1 -1
-1 -1 -1 -1 -1 -1 -1 -1 -1 -1 -1 -1 -1 -1 -1 -1 -1 -1 1306 1306 1306 1306 1306 1306 1306 1306 1306 1306 1306 1306 -1 -1 -1 -1 -1 -1 -1 -1 -1 -1 -1 -1 -1 -1 -1 -1 -1 -1 -1 -1 -1 -1 -1 -1 -1 -1 -1 -1 -1 -1 -1 -1 -1 -1 -1 -1 -1 -1 -1 -1 -1 -1 -1 -1 -1 -1 -1 -1 -1 -1 -1 -1 -1 -1 -1 -1 -1 -1 -1 -1 -1 -1 -1 -1 -1 -1
-1 -1 -1 -1 -1 -1 -1 -1 -1 -1 -1 -1 -1 1306 1306 1306 1306 1306 1306 1306 1306 1306 1306 1306 1306 1306 1306 1306 1306 1306 -1 -1 -1 -1 -1 -1 -1 -1 -1 -1 -1 -1 -1 -1 -1 -1 -1 -1 -1 -1 -1 -1 -1 -1 -1 -1 -1 -1 -1 -1 -1 -1 -1 -1 -1 -1 -1 -1 -1 -1 -1 -1 -1 -1 -1 -1 -1 -1 -1 -1 -1 -1 -1 -1 -1 -1 -1 -1 -1 -1 -1 -1 -1 -1 -1 -1
-1 -1 -1 -1 -1 -1 -1 -1 1306 1306 1306 1306 1306 1306 1306 1306 1306 1306 1306 1306 1306 1306 1306 1306 1306 1306 1306 1306 1306 1306 -1 -1 -1 -1 -1 -1 -1 -1 -1 -1 -1 -1 -1 -1 -1 -1 -1 -1 -1 -1 -1 -1 -1 -1 -1 -1 -1 -1 -1 -1 -1 -1 -1 -1 -1 -1 -1 -1 -1 -1 -1 -1 -1 -1 -1 -1 -1 -1 -1 -1 -1 -1 -1 -1 -1 -1 -1 -1 -1 -1 -1 -1 -1 -1 -1 -1
-1 -1 -1 -1 -1 -1 -1 1306 1306 1306 1306 1306 1306 1306 1306 1306 1306 1306 1306 1306 1306 1306 1306 1306 1306 1306 1306 1306 1306 1306 1306 -1 -1 -1 -1 -1 -1 -1 -1 -1 -1 -1 -1 -1 -1 -1 -1 -1 -1 -1 -1 -1 -1 -1 -1 -1 -1 -1 -1 -1 -1 -1 -1 -1 -1 -1 -1 -1 -1 -1 -1 -1 -1 -1 -1 -1 -1 -1 -1 -1 -1 -1 -1 -1 -1 -1 -1 -1 -1 -1 -1 -1 -1 -1 -1 -1
-1 -1 1306 1306 1306 1306 1306 1306 1306 1306 1306 1306 1306 1306 1306 1306 1306 1306 1306 1306 1306 1306 1306 1306 1306 1306 1306 1306 1306 1306 1306 -1 -1 -1 -1 -1 -1 -1 -1 -1 -1 -1 -1 -1 -1 -1 -1 -1 -1 -1 -1 -1 -1 -1 -1 -1 -1 -1 -1 -1 -1 -1 -1 -1 -1 -1 -1 -1 -1 -1 -1 -1 -1 -1 -1 -1 -1 -1 -1 -1 -1 -1 -1 -1 -1 -1 -1 -1 -1 -1 -1 -1 -1 -1 -1 -1
1306 1306 1306 1306 1306 1306 1306 1306 1306 1306 1306 1306 1306 1306 1306 1306 1306 1306 1306 1306 1306 1306 1306 1306 1306 1306 1306 1306 1306 1306 1306 -1 -1 -1 -1 -1 -1 -1 -1 -1 -1 -1 -1 -1 -1 -1 -1 -1 -1 -1 -1 -1 -1 -1 -1 -1 -1 -1 -1 -1 -1 -1 -1 -1 -1 -1 -1 -1 -1 -1 -1 -1 -1 -1 -1 -1 -1 -1 -1 -1 -1 -1 -1 -1 -1 -1 -1 -1 -1 -1 -1 -1 -1 -1 -1 -1
1306 1306 1306 1306 1306 1306 1306 1306 1306 1306 1306 1306 1306 1306 1306 1306 1306 1306 1306 1306 1306 1306 1306 1306 1306 1306 1306 1306 1306 1306 1306 -1 -1 -1 -1 -1 -1 -1 -1 -1 -1 -1 -1 -1 -1 -1 -1 -1 -1 -1 -1 -1 -1 -1 -1 -1 -1 -1 -1 -1 -1 -1 -1 -1 -1 -1 -1 -1 -1 -1 -1 -1 -1 -1 -1 -1 -1 -1 -1 -1 -1 -1 -1 -1 -1 -1 -1 -1 -1 -1 -1 -1 -1 -1 -1 -1
1306 1306 1306 1306 1306 1306 1306 1306 1306 1306 1306 1306 1306 1306 1306 1306 1306 1306 1306 1306 1306 1306 1306 1306 1306 1306 1306 1306 1306 1306 1306 -1 -1 -1 -1 -1 -1 -1 -1 -1 -1 -1 -1 -1 -1 -1 -1 -1 -1 -1 -1 -1 -1 -1 -1 -1 -1 -1 -1 -1 -1 -1 -1 -1 -1 -1 -1 -1 -1 -1 -1 -1 -1 -1 -1 -1 -1 -1 -1 -1 -1 -1 -1 -1 -1 -1 -1 -1 -1 -1 -1 -1 -1 -1 -1 -1
1306 1306 1306 1306 1306 1306 1306 1306 1306 1306 1306 1306 1306 1306 1306 1306 1306 1306 1306 1306 1306 1306 1306 1306 1306 1306 1306 1306 1306 1306 1306 1306 -1 -1 -1 -1 -1 -1 -1 -1 -1 -1 -1 -1 -1 -1 -1 -1 -1 -1 -1 -1 -1 -1 -1 -1 -1 -1 -1 -1 -1 -1 -1 -1 -1 -1 -1 -1 -1 -1 -1 -1 -1 -1 -1 -1 -1 -1 -1 -1 -1 -1 -1 -1 -1 -1 -1 -1 -1 -1 -1 -1 -1 -1 -1 -1
1306 1306 1306 1306 1306 1306 1306 1306 1306 1306 1306 1306 1306 1306 1306 1306 1306 1306 1306 1306 1306 1306 1306 1306 1306 1306 1306 1306 1306 1306 1306 1306 -1 -1 -1 -1 -1 -1 -1 -1 -1 -1 -1 -1 -1 -1 -1 -1 -1 -1 -1 -1 -1 -1 -1 -1 -1 -1 -1 -1 -1 -1 -1 -1 -1 -1 -1 -1 -1 -1 -1 -1 -1 -1 -1 -1 -1 -1 -1 -1 -1 -1 -1 -1 -1 -1 -1 -1 -1 -1 -1 -1 -1 -1 -1 -1
1306 1306 1306 1306 1306 1306 1306 1306 1306 1306 1306 1306 1306 1306 1306 1306 1306 1306 1306 1306 1306 1306 0 1306 1306 1306 0 0 0 0 0 0 0 0 -1 -1 -1 -1 -1 -1 -1 -1 -1 -1 -1 -1 -1 -1 -1 -1 -1 -1 -1 -1 -1 -1 -1 -1 -1 -1 -1 -1 -1 -1 -1 -1 -1 -1 -1 -1 -1 -1 -1 -1 -1 -1 -1 -1 -1 -1 -1 -1 -1 -1 -1 -1 -1 -1 -1 -1 -1 -1 -1 -1 -1 -1
1306 1306 1306 1306 1306 1306 1306 1306 1306 1306 1306 1306 1306 1306 1306 1306 1306 0 0 0 0 0 0 0 0 0 0 0 0 0 0 0 0 0 0 0 -1 -1 -1 -1 -1 -1 -1 -1 -1 -1 -1 -1 -1 -1 -1 -1 -1 -1 -1 -1 -1 -1 -1 -1 -1 -1 -1 -1 -1 -1 -1 -1 -1 -1 -1 -1 -1 -1 -1 -1 -1 -1 -1 -1 -1 -1 -1 -1 -1 -1 -1 -1 -1 -1 -1 -1 -1 -1 -1 -1
1306 1306 1306 1306 1306 1306 1306 1306 1306 1306 1306 1306 0 0 0 0 0 0 0 0 0 0 0 0 0 0 0 0 0 0 0 0 0 0 0 0 0 0 -1 -1 -1 -1 -1 -1 -1 -1 -1 -1 -1 -1 -1 -1 -1 -1 -1 -1 -1 -1 -1 -1 -1 -1 -1 -1 -1 -1 -1 -1 -1 -1 -1 -1 -1 -1 -1 -1 -1 -1 -1 -1 -1 -1 -1 -1 -1 -1 -1 -1 -1 -1 -1 -1 -1 -1 -1 -1
1306 1306 1306 1306 1306 1306 1306 1306 1306 1306 0 0 0 0 0 0 0 0 0 0 0 0 0 0 0 0 0 0 0 0 0 0 0 0 0 0 0 0 0 0 -1 -1 -1 -1 -1 -1 -1 -1 -1 -1 -1 -1 -1 -1 -1 -1 -1 -1 -1 -1 -1 -1 -1 -1 -1 -1 -1 -1 -1 -1 -1 -1 -1 -1 -1 -1 -1 -1 -1 -1 -1 -1 -1 -1 -1 -1 -1 -1 -1 -1 -1 -1 -1 -1 -1 -1
1306 1306 1306 1306 1306 1306 1306 1306 1306 1306 0 0 0 0 0 0 0 0 0 0 0 0 0 0 0 0 0 0 0 0 0 0 0 0 0 0 0 0 0 0 0 0 -1 -1 -1 -1 -1 -1 -1 -1 -1 -1 -1 -1 -1 -1 -1 -1 -1 -1 -1 -1 -1 -1 -1 -1 -1 -1 -1 -1 -1 -1 -1 -1 -1 -1 -1 -1 -1 -1 -1 -1 -1 -1 -1 -1 -1 -1 -1 -1 -1 -1 -1 -1 -1 -1
1306 1306 1306 1306 1306 0 0 0 0 0 0 0 0 0 0 0 0 0 0 0 0 0 0 0 0 0 0 0 0 0 0 0 0 0 0 0 0 0 0 0 0 1189 1189 0 -1 -1 -1 -1 -1 -1 -1 -1 -1 -1 -1 -1 -1 -1 -1 -1 -1 -1 -1 -1 -1 -1 -1 -1 -1 -1 -1 -1 -1 -1 -1 -1 -1 -1 -1 -1 -1 -1 -1 -1 -1 -1 -1 -1 -1 -1 -1 -1 -1 -1 -1 -1
0 0 0 0 0 0 0 0 0 0 0 0 0 0 0 0 0 0 0 0 0 0 0 0 0 0 0 0 0 0 0 0 0 0 0 0 0 0 0 0 1189 1189 1189 1189 1189 0 -1 -1 -1 -1 -1 -1 -1 -1 -1 -1 -1 -1 -1 -1 -1 -1 -1 -1 -1 -1 -1 -1 -1 -1 -1 -1 -1 -1 -1 -1 -1 -1 -1 -1 -1 -1 -1 -1 -1 -1 -1 -1 -1 -1 -1 -1 -1 -1 -1 -1
0 0 0 0 0 0 0 0 0 0 0 0 0 0 0 0 0 0 0 0 0 0 0 0 0 0 0 0 0 0 0 0 0 0 0 0 0 0 0 1189 1189 1189 1189 1189 1189 1189 1189 0 -1 -1 -1 -1 -1 -1 -1 -1 -1 -1 -1 -1 -1 -1 -1 -1 -1 -1 -1 -1 -1 -1 -1 -1 -1 -1 -1 -1 -1 -1 -1 -1 -1 -1 -1 -1 -1 -1 -1 -1 -1 -1 -1 -1 -1 -1 -1 -1
0 0 0 0 0 0 0 0 0 0 0 0 0 0 0 0 0 0 0 0 0 0 0 0 0 0 0 0 0 0 0 0 0 0 0 0 0 0 0 1189 1189 1189 1189 1189 1189 1189 1189 1189 1189 0 0 -1 -1 -1 -1 -1 -1 -1 -1 -1 -1 -1 -1 -1 -1 -1 -1 -1 -1 -1 -1 -1 -1 -1 -1 -1 -1 -1 -1 -1 -1 -1 -1 -1 -1 -1 -1 -1 -1 -1 -1 -1 -1 -1 -1 -1
0 0 0 0 0 0 0 0 0 0 0 0 0 0 0 0 0 0 0 0 0 0 0 0 0 0 0 0 0 0 0 0 0 0 0 0 0 0 0 1189 1189 1189 1189 1189 1189 1189 1189 1189 1189 1189 1189 0 0 -1 -1 -1 -1 -1 -1 -1 -1 -1 -1 -1 -1 -1 -1 -1 -1 -1 -1 -1 -1 -1 -1 -1 -1 -1 -1 -1 -1 -1 -1 -1 -1 -1 -1 -1 -1 -1 -1 -1 -1 -1 -1 -1
0 0 0 0 0 0 0 0 0 0 0 0 0 0 0 0 0 0 0 0 0 0 0 0 0 0 0 0 0 0 0 0 0 0 0 0 0 0 0 1290 1189 1189 1189 1189 1189 1189 1189 1189 1189 1189 1189 1189 1189 0 0 -1 -1 -1 -1 -1 -1 -1 -1 -1 -1 -1 -1 -1 -1 -1 -1 -1 -1 -1 -1 -1 -1 -1 -1 -1 -1 -1 -1 -1 -1 -1 -1 -1 -1 -1 -1 -1 -1 -1 -1 -1
0 0 0 0 0 0 0 0 0 0 0 0 0 0 0 0 0 0 0 0 0 0 0 0 0 0 0 0 0 0 0 0 0 0 0 0 0 0 0 1290 1189 1189 1189 1189 1189 1189 1189 1189 1189 1189 1189 1189 1189 1189 0 -1 -1 -1 -1 -1 -1 -1 -1 -1 -1 -1 -1 -1 -1 -1 -1 -1 -1 -1 -1 -1 -1 -1 -1 -1 -1 -1 -1 -1 -1 -1 -1 -1 -1 -1 -1 -1 -1 -1 -1 -1
0 0 0 0 0 0 0 0 0 0 0 0 0 0 0 0 0 0 0 0 0 0 0 0 0 0 0 0 0 0 0 0 0 0 0 0 0 0 1290 1290 1189 1189 1189 1189 1189 1189 1189 1189 1189 1189 1189 1189 1189 1189 0 0 -1 -1 -1 -1 -1 -1 -1 -1 -1 -1 -1 -1 -1 -1 -1 -1 -1 -1 -1 -1 -1 -1 -1 -1 -1 -1 -1 -1 -1 -1 -1 -1 -1 -1 -1 -1 -1 -1 -1 -1
0 0 0 0 0 0 0 0 0 0 0 0 0 0 0 0 0 0 0 0 0 0 0 0 0 0 0 0 0 0 0 0 0 0 0 0 0 1290 1290 1290 1189 1189 1189 1189 1189 1189 1189 1189 1189 1189 1189 1189 1189 1189 1189 0 -1 -1 -1 -1 -1 -1 -1 -1 -1 -1 -1 -1 -1 -1 -1 -1 -1 -1 -1 -1 -1 -1 -1 -1 -1 -1 -1 -1 -1 -1 -1 -1 -1 -1 -1 -1 -1 -1 -1 -1
0 0 0 0 0 0 0 0 0 0 0 0 0 0 0 0 0 0 0 0 0 0 0 0 0 0 0 0 0 0 0 0 0 0 0 0 0 1290 1290 1290 1290 1189 1189 1189 1189 1189 1189 1189 1189 1189 1189 1189 1189 1189 0 0 -1 -1 -1 -1 -1 -1 -1 -1 -1 -1 -1 -1 -1 -1 -1 -1 -1 -1 -1 -1 -1 -1 -1 -1 -1 -1 -1 -1 -1 -1 -1 -1 -1 -1 -1 -1 -1 -1 -1 -1
0 0 0 0 0 0 0 0 0 0 0 0 0 0 0 0 0 0 0 0 0 0 0 0 0 0 0 0 0 0 0 0 0 0 0 0 1290 1290 1290 1290 1290 1189 1189 1189 1189 1189 1189 1189 1189 1189 1189 1189 1189 1189 0 0 -1 -1 -1 -1 -1 -1 -1 -1 -1 -1 -1 -1 -1 -1 -1 -1 -1 -1 -1 -1 -1 -1 -1 -1 -1 -1 -1 -1 -1 -1 -1 -1 -1 -1 -1 -1 -1 -1 -1 -1
0 0 0 0 0 0 0 0 0 0 0 0 0 0 0 0 0 0 0 0 0 0 0 0 0 0 0 1278 1279 0 0 0 0 0 1287 1287 1287 1290 1290 1290 1290 1189 1189 1189 1189 1189 1189 1189 1189 1189 1189 1189 1189 1187 0 0 -1 -1 -1 -1 -1 -1 -1 -1 -1 -1 -1 -1 -1 -1 -1 -1 -1 -1 -1 -1 -1 -1 -1 -1 -1 -1 -1 -1 -1 -1 -1 -1 -1 -1 -1 -1 -1 -1 -1 -1
0 0 0 0 0 0 0 0 0 0 0 0 0 0 0 0 0 0 0 0 0 0 1256 1273 1273 1278 1278 1278 1279 1279 1279 1277 1277 1277 1287 1287 1287 1283 1290 1290 1290 1189 1189 1189 1189 1189 1189 1189 1189 1189 1189 1189 1187 1187 1187 0 0 -1 -1 -1 -1 -1 -1 -1 -1 -1 -1 -1 -1 -1 -1 -1 -1 -1 -1 -1 -1 -1 -1 -1 -1 -1 -1 -1 -1 -1 -1 -1 -1 -1 -1 -1 -1 -1 -1 -1
0 0 0 0 0 0 0 0 0 0 0 0 0 0 0 0 1267 1271 1271 1272 1256 1256 1256 1273 1273 1278 1278 1278 1279 1279 1279 1277 1277 1277 1287 1287 1287 1283 1283 1290 1290 1189 1189 1189 1189 1189 1189 1189 1189 1189 1189 1187 1187 1187 1187 0 0 -1 -1 -1 -1 -1 -1 -1 -1 -1 -1 -1 -1 -1 -1 -1 -1 -1 -1 -1 -1 -1 -1 -1 -1 -1 -1 -1 -1 -1 -1 -1 -1 -1 -1 -1 -1 -1 -1 -1
0 0 1101 1262 1262 1262 0 0 0 0 0 0 0 0 1267 1267 1267 1271 1271 1272 1256 1256 1256 1273 1273 1278 1278 1278 1279 1279 1279 1277 1277 1277 1287 1287 1287 1283 1283 1284 1288 1288 1188 1189 1189 1189 1187 1187 1187 1187 1187 1187 1187 1187 1187 1187 0 -1 -1 -1 -1 -1 -1 -1 -1 -1 -1 -1 -1 -1 -1 -1 -1 -1 -1 -1 -1 -1 -1 -1 -1 -1 -1 -1 -1 -1 -1 -1 -1 -1 -1 -1 -1 -1 -1 -1
1113 1101 1101 1262 1262 1258 1258 0 0 0 0 1267 1267 1267 1267 1267 1267 1271 1271 1272 1256 1256 1256 1273 1273 1273 1278 1278 1279 1279 1274 1277 1277 1277 1277 1287 1287 1283 1283 1284 1284 1181 1173 1183 1187 1187 1187 1187 1187 1187 1187 1187 1187 1187 1187 1195 1195 -1 -1 -1 -1 -1 -1 -1 -1 -1 -1 -1 -1 -1 -1 -1 -1 -1 -1 -1 -1 -1 -1 -1 -1 -1 -1 -1 -1 -1 -1 -1 -1 -1 -1 -1 -1 -1 -1 -1
1101 1101 1080 1258 1258 1258 1258 1258 1258 1254 1254 1267 1267 1267 1267 1267 1267 1271 1271 1272 1256 1256 1256 1273 1273 1273 1273 1164 1165 1274 1274 1277 1277 1277 1277 1286 1180 1172 1172 1173 1173 1173 1173 1173 1186 1186 1185 1185 1187 1187 1187 1187 1187 1187 1195 1195 1195 -1 -1 -1 -1 -1 -1 -1 -1 -1 -1 -1 -1 -1 -1 -1 -1 -1 -1 -1 -1 -1 -1 -1 -1 -1 -1 -1 -1 -1 -1 -1 -1 -1 -1 -1 -1 -1 -1 -1
1080 1080 1081 1081 1258 1258 1258 1258 1254 1254 1254 1267 1267 1267 1267 1267 1267 1271 1271 1272 1256 1256 1075 1152 1152 1152 1152 1152 1155 1155 1277 1160 1160 1160 1160 1179 1179 1172 1172 1173 1075 1075 1182 1173 1185 1185 1185 1075 1075 1187 1187 1187 1187 1195 1195 1195 1195 0 -1 -1 -1 -1 -1 -1 -1 -1 -1 -1 -1 -1 -1 -1 -1 -1 -1 -1 -1 -1 -1 -1 -1 -1 -1 -1 -1 -1 -1 -1 -1 -1 -1 -1 -1 -1 -1 -1
1079 1080 1081 1077 1257 1257 1257 1225 1254 1254 1254 1254 1267 1267 1267 1267 1125 1142 1142 1143 1075 1075 1075 1075 1075 1152 1152 1152 1152 1154 1160 1160 1160 1160 1169 1075 1075 1075 1075 1075 1075 1075 1075 1075 1075 1075 1075 1075 1075 1075 1195 1195 1195 1195 1195 1195 1195 0 -1 -1 -1 -1 -1 -1 -1 -1 -1 -1 -1 -1 -1 -1 -1 -1 -1 -1 -1 -1 -1 -1 -1 -1 -1 -1 -1 -1 -1 -1 -1 -1 -1 -1 -1 -1 -1 -1
991 991 1077 1059 1250 1250 1245 1225 1254 1254 1254 1254 1254 1267 1125 1125 1125 1141 1141 1075 1075 1075 1075 1075 1075 1075 1152 1152 1153 1133 1160 1160 1160 1169 1075 1075 1075 1075 1075 1075 1075 1075 1075 1075 1075 1075 1075 1075 1075 1195 1195 1195 1195 1195 1195 1195 1195 0 -1 -1 -1 -1 -1 -1 -1 -1 -1 -1 -1 -1 -1 -1 -1 -1 -1 -1 -1 -1 -1 -1 -1 -1 -1 -1 -1 -1 -1 -1 -1 -1 -1 -1 -1 -1 -1 -1
991 991 1059 1059 1250 1244 1245 1225 1225 1254 1254 1254 1254 1254 1075 1075 1125 1140 1075 1075 1075 1075 1075 1075 1075 1075 1150 1151 1133 1133 1160 1160 1161 1075 1075 1075 1075 1075 1075 1075 1075 1075 1075 1075 1075 1075 1075 1075 1075 1195 1195 1195 1195 1195 1195 1195 1195 1195 -1 -1 -1 -1 -1 -1 -1 -1 -1 -1 -1 -1 -1 -1 -1 -1 -1 -1 -1 -1 -1 -1 -1 -1 -1 -1 -1 -1 -1 -1 -1 -1 -1 -1 -1 -1 -1 -1
991 991 1059 1059 1250 1244 1245 1225 1225 1225 1065 1065 1065 1065 1075 1075 1075 1075 1075 1075 1075 1075 1075 1075 1075 1075 1075 1133 1133 1133 1133 1159 1075 1075 1075 1075 1075 1075 1075 1075 1075 1075 1075 1075 1075 1075 1075 1075 1075 1195 1195 1195 1195 1195 1195 1195 1195 0 -1 -1 -1 -1 -1 -1 -1 -1 -1 -1 -1 -1 -1 -1 -1 -1 -1 -1 -1 -1 -1 -1 -1 -1 -1 -1 -1 -1 -1 -1 -1 -1 -1 -1 -1 -1 -1 -1
991 991 1059 1059 1238 1042 1043 960 960 960 1065 1065 1065 1065 1120 1075 1075 1075 1075 1075 1075 1075 1075 1075 1075 1075 1075 1133 1133 1133 1133 1075 1075 1075 1075 1075 1075 1075 1075 1075 1075 1075 1075 1075 1075 1075 1075 1075 1075 1195 1195 1195 1195 1195 1195 1195 1195 0 -1 -1 -1 -1 -1 -1 -1 -1 -1 -1 -1 -1 -1 -1 -1 -1 -1 -1 -1 -1 -1 -1 -1 -1 -1 -1 -1 -1 -1 -1 -1 -1 -1 -1 -1 -1 -1 -1
991 991 1058 1019 1026 960 960 960 960 960 1073 1053 1053 1053 1119 1116 1117 1075 1075 1075 1075 1075 1075 1075 1075 1075 1124 1133 1133 1133 1133 1075 1075 1075 1075 1075 1075 1075 1075 1075 1075 1075 1075 1075 1075 1075 1075 1075 1192 1196 1195 1195 1195 1195 1195 1195 1195 0 0 -1 -1 -1 -1 -1 -1 -1 -1 -1 -1 -1 -1 -1 -1 -1 -1 -1 -1 -1 -1 -1 -1 -1 -1 -1 -1 -1 -1 -1 -1 -1 -1 -1 -1 -1 -1 -1
991 991 1008 1019 960 960 960 960 960 960 1041 1053 1053 1053 1109 1109 1109 1111 1075 1075 1075 1075 1075 1075 1075 1075 1122 1123 1133 1133 1134 1075 1075 1075 1075 1075 1075 1075 1075 1075 1075 1075 1075 1075 1075 1075 1075 1192 1192 1196 1195 1195 1195 1195 1195 1195 1195 0 0 -1 -1 -1 -1 -1 -1 -1 -1 -1 -1 -1 -1 -1 -1 -1 -1 -1 -1 -1 -1 -1 -1 -1 -1 -1 -1 -1 -1 -1 -1 -1 -1 -1 -1 -1 -1 -1
991 991 1007 1008 960 960 960 960 960 960 1052 1053 1054 1055 1071 1108 1108 1109 1075 1075 1075 1075 1075 1075 1075 1075 1075 1075 1075 1075 1075 1075 1075 1075 1075 1075 1075 1075 1075 1075 1075 1075 1075 1178 1184 1190 1191 1191 1193 1193 1195 1194 1195 1195 1195 1195 1044 1163 0 -1 -1 -1 -1 -1 -1 -1 -1 -1 -1 -1 -1 -1 -1 -1 -1 -1 -1 -1 -1 -1 -1 -1 -1 -1 -1 -1 -1 -1 -1 -1 -1 -1 -1 -1 -1 -1
991 991 960 960 960 960 960 960 960 960 1032 960 960 1051 1071 1108 1108 1108 1075 1075 1075 1075 1075 1075 1075 1075 1075 1075 1075 1075 1075 1075 1075 1075 1075 1075 1075 1075 1075 1075 1075 1075 1176 1177 1184 1190 1191 1191 1193 1193 1194 1044 1044 1044 1044 1044 1044 1162 1162 -1 -1 -1 -1 -1 -1 -1 -1 -1 -1 -1 -1 -1 -1 -1 -1 -1 -1 -1 -1 -1 -1 -1 -1 -1 -1 -1 -1 -1 -1 -1 -1 -1 -1 -1 -1 -1
991 991 996 960 960 960 960 960 960 960 1032 960 960 1070 1071 1024 1075 1075 1075 1075 1075 1075 1075 1075 1075 1075 1075 1075 1075 1075 1075 1118 1075 1075 1075 1075 1075 1167 1168 1171 1171 1174 1175 1175 1184 1184 1191 1291 1292 1246 1044 1044 1044 1044 1044 1044 1044 1170 1162 -1 -1 -1 -1 -1 -1 -1 -1 -1 -1 -1 -1 -1 -1 -1 -1 -1 -1 -1 -1 -1 -1 -1 -1 -1 -1 -1 -1 -1 -1 -1 -1 -1 -1 -1 -1 -1
991 991 991 960 960 960 960 960 960 960 960 960 960 1024 1024 1024 1024 1024 1075 1075 1075 1075 1075 1075 1075 1075 1075 1075 1118 1118 1118 1118 1118 1156 1157 1158 1166 1167 1168 1171 1171 1282 1285 1285 1289 1289 1291 1291 1292 1246 1246 1044 1044 1044 1044 1044 1044 1044 1044 0 -1 -1 -1 -1 -1 -1 -1 -1 -1 -1 -1 -1 -1 -1 -1 -1 -1 -1 -1 -1 -1 -1 -1 -1 -1 -1 -1 -1 -1 -1 -1 -1 -1 -1 -1 -1
991 991 990 960 960 960 960 960 960 960 960 960 960 960 1024 1024 1024 1024 1069 1069 1075 1075 1075 1075 1075 1075 1075 1115 1115 1115 1115 1132 1132 1156 1156 1158 1276 1280 1281 1282 1282 1282 1285 1285 1289 1289 1291 1291 1291 1246 1246 1044 1044 1044 1044 1044 1044 1044 1044 0 -1 -1 -1 -1 -1 -1 -1 -1 -1 -1 -1 -1 -1 -1 -1 -1 -1 -1 -1 -1 -1 -1 -1 -1 -1 -1 -1 -1 -1 -1 -1 -1 -1 -1 -1 -1
1005 991 1006 960 960 960 960 960 960 960 960 960 960 960 1024 1024 1024 1024 1024 1069 1075 1075 1087 1100 1107 1110 1114 1115 1115 1115 1115 1265 1269 1275 1275 1276 1276 1280 1281 1282 1282 1282 1282 1285 1289 1289 1291 1291 1246 1246 1246 1044 1044 1044 1044 1044 1044 1044 1044 0 -1 -1 -1 -1 -1 -1 -1 -1 -1 -1 -1 -1 -1 -1 -1 -1 -1 -1 -1 -1 -1 -1 -1 -1 -1 -1 -1 -1 -1 -1 -1 -1 -1 -1 -1 -1
1014 1015 1016 960 960 960 960 960 960 960 960 960 960 960 1024 1024 1024 1050 1064 1064 1064 1085 1086 1100 1107 1107 1263 1265 1265 1265 1265 1265 1269 1275 1275 1276 1276 1276 1281 1282 1282 1282 1282 1285 1289 1289 1291 1246 1246 1246 1246 1044 1044 1044 1044 1044 1044 1044 1044 1044 -1 -1 -1 -1 -1 -1 -1 -1 -1 -1 -1 -1 -1 -1 -1 -1 -1 -1 -1 -1 -1 -1 -1 -1 -1 -1 -1 -1 -1 -1 -1 -1 -1 -1 -1 -1
926 938 949 950 951 960 960 960 960 960 960 960 960 1013 1013 1040 1048 1049 1064 1064 1064 1253 1259 1261 1263 1263 1263 1265 1265 1265 1265 1265 1265 1275 1275 1276 1276 1276 1281 1282 1282 1282 1282 1282 1289 1289 1270 1270 1270 1270 1270 1138 1044 1044 1044 1044 1044 1044 1044 1044 -1 -1 -1 -1 -1 -1 -1 -1 -1 -1 -1 -1 -1 -1 -1 -1 -1 -1 -1 -1 -1 -1 -1 -1 -1 -1 -1 -1 -1 -1 -1 -1 -1 -1 -1 -1
926 914 914 914 914 914 960 960 960 989 995 1004 1012 1013 1013 1040 1243 1249 1253 1253 1253 1253 1259 1261 1263 1263 1263 1263 1265 1265 1265 1265 1265 1275 1275 1276 1276 1276 1276 1282 1282 1282 1282 1239 1239 1239 1240 1270 1270 1270 1270 1246 1044 1044 1044 1044 1044 1044 1044 1149 0 -1 -1 -1 -1 -1 -1 -1 -1 -1 -1 -1 -1 -1 -1 -1 -1 -1 -1 -1 -1 -1 -1 -1 -1 -1 -1 -1 -1 -1 -1 -1 -1 -1 -1 -1
914 914 914 914 914 914 977 978 979 985 995 1232 1236 1237 1237 1243 1243 1249 1253 1253 1253 1253 1253 1261 1263 1263 1263 1263 1265 1265 1265 1265 1265 1265 1275 1276 1276 1276 1234 1234 1234 1234 1234 1239 1239 1239 1240 1241 1251 1270 1246 1246 1044 1044 1044 1044 1044 1044 1044 1148 0 -1 -1 -1 -1 -1 -1 -1 -1 -1 -1 -1 -1 -1 -1 -1 -1 -1 -1 -1 -1 -1 -1 -1 -1 -1 -1 -1 -1 -1 -1 -1 -1 -1 -1 -1
914 914 914 914 914 1215 1227 1228 1229 1230 1232 1232 1236 1237 1237 1243 1243 1243 1253 1253 1253 1253 1253 1261 1263 1263 1263 1263 1263 1265 1265 1265 1265 1226 1226 1226 1226 1226 1234 1234 1234 1234 1234 1239 1239 1239 1240 1241 1251 1251 1251 1246 1044 1044 1044 1044 1044 1044 1044 1139 0 -1 -1 -1 -1 -1 -1 -1 -1 -1 -1 -1 -1 -1 -1 -1 -1 -1 -1 -1 -1 -1 -1 -1 -1 -1 -1 -1 -1 -1 -1 -1 -1 -1 -1 -1
1215 1215 1215 1215 1215 1215 1227 1228 1229 1230 1232 1232 1232 1237 1237 1243 1243 1243 1253 1253 1253 1253 1253 1253 1263 1263 1263 1263 1219 1219 1219 1219 1219 1226 1226 1226 1226 1226 1234 1234 1234 1234 1234 1239 1239 1239 1240 1241 1242 1251 1251 1252 1044 1044 1044 1044 1044 1044 1044 1044 1137 -1 -1 -1 -1 -1 -1 -1 -1 -1 -1 -1 -1 -1 -1 -1 -1 -1 -1 -1 -1 -1 -1 -1 -1 -1 -1 -1 -1 -1 -1 -1 -1 -1 -1 -1
1207 1207 1215 1215 1215 1215 1215 1228 1229 1230 1232 1232 1232 1237 1237 1243 1243 1243 1243 1253 1253 1253 1224 1224 1224 1217 1217 1218 1219 1219 1219 1219 1219 1226 1226 1226 1226 1226 1234 1234 1234 1234 1234 1234 1239 1239 1240 1241 1242 1248 1060 1061 1044 1044 1044 1044 1044 1044 1044 1044 1044 -1 -1 -1 -1 -1 -1 -1 -1 -1 -1 -1 -1 -1 -1 -1 -1 -1 -1 -1 -1 -1 -1 -1 -1 -1 -1 -1 -1 -1 -1 -1 -1 -1 -1 -1
1207 1207 1207 1215 1215 1215 1215 1228 1229 1230 1232 1232 1232 1232 1237 1243 1243 1220 1220 1220 1220 1221 1224 1224 1224 1217 1217 1218 1219 1219 1219 1219 1219 1226 1226 1226 1226 1226 1233 1234 1234 1234 1234 1234 1247 1029 1035 1036 1037 1047 956 956 1044 1044 1044 1044 1044 1044 1044 1044 1045 0 -1 -1 -1 -1 -1 -1 -1 -1 -1 -1 -1 -1 -1 -1 -1 -1 -1 -1 -1 -1 -1 -1 -1 -1 -1 -1 -1 -1 -1 -1 -1 -1 -1 -1
1207 1207 1207 1207 1215 1215 1215 1215 1229 1230 1232 1232 1208 1208 1208 1209 1210 1220 1220 1220 1220 1221 1224 1224 1224 1217 1217 1218 1219 1219 1219 1219 1219 1223 1226 1226 1226 1226 1233 1234 998 998 998 998 1046 956 956 956 956 956 956 956 1044 1044 1044 1044 1044 1044 1045 1045 1045 1045 0 -1 -1 -1 -1 -1 -1 -1 -1 -1 -1 -1 -1 -1 -1 -1 -1 -1 -1 -1 -1 -1 -1 -1 -1 -1 -1 -1 -1 -1 -1 -1 -1 -1
866 1207 1207 1207 1207 1207 1215 1211 1211 1211 1211 1211 1208 1208 1208 1209 1210 1220 1220 1220 1220 1221 1224 1224 1224 1217 1217 1218 1216 1219 1219 1219 1219 1223 1214 970 970 970 997 998 998 998 998 998 956 956 956 956 956 956 956 956 1044 1044 1044 1044 1044 1045 1045 1045 1045 1082 0 -1 -1 -1 -1 -1 -1 -1 -1 -1 -1 -1 -1 -1 -1 -1 -1 -1 -1 -1 -1 -1 -1 -1 -1 -1 -1 -1 -1 -1 -1 -1 -1 -1
866 1207 1207 1207 1207 1206 1206 1211 1211 1211 1211 1211 1208 1208 1208 1209 1210 1220 1220 1220 1220 1221 1222 1224 1224 1217 1217 1218 1216 1214 932 932 932 946 903 903 903 903 955 997 998 999 1000 1028 956 956 956 956 956 956 956 1044 1044 1044 1044 1044 1044 1045 1045 1045 1082 1082 1083 0 -1 -1 -1 -1 -1 -1 -1 -1 -1 -1 -1 -1 -1 -1 -1 -1 -1 -1 -1 -1 -1 -1 -1 -1 -1 -1 -1 -1 -1 -1 -1 -1
