GisToSWMM5_01/demo_catchment/out/SWMM_in/demo_catchment.asc
ncols        234
nrows        231
xllcorner    0.000000
yllcorner    0.000000
cellsize     1.000000
NODATA_value  -1
[rows 150 to 179 of 231, columns 0 to 67 of 234]
-1 -1 -1 -1 -1 -1 -1 -1 -1 -1 -1 -1 -1 -1 -1 -1 -1 -1 -1 -1 4.32988692 4.07438878 5.68128013 4.73756904 5.48839680 5.49572209 4.04906933 3.20395444 3.11416751 2.56330964 2.59256312 3.86241217 3.46206609 5.22386048 4.85751830 3.22666125 3.26687658 7.71566220 8.62256028 7.72882871 5.47235751 3.67382077 3.55728293 3.35549994 3.04065497 3.25953443 4.75814836 6.29608075 9.06470442 9.81317220 15.55951919 5.68091204 4.53600255 5.58528389 5.19354656 4.28618126 3.27025593 2.28809251 2.33240826 2.80068625 2.61276736 4.79789123 5.17003683 3.08852260 2.46682082 4.10465919 2.18237930 1.29598710
-1 -1 -1 -1 -1 -1 -1 -1 -1 -1 -1 -1 -1 -1 -1 -1 -1 -1 -1 -1 7.34716319 4.71440410 6.25613861 6.78535672 7.25332943 4.85657087 3.85688322 2.29567666 1.70305320 1.51742162 1.51897799 2.08871796 2.54604146 2.68873902 2.77031601 2.23593171 3.22055621 4.89841487 7.87458057 7.84666609 4.90452891 2.56003630 2.09274608 1.71443044 2.50320271 3.72018184 4.39126955 4.51036664 7.90357810 11.95393388 8.56049605 7.84453947 6.26227736 5.45485723 3.54643533 2.35993779 2.06732631 3.06506188 5.02206063 10.33784462 4.08786292 4.97302821 5.35486236 5.00000000 4.29372051 3.48985165 2.14552384 1.38941824
-1 -1 -1 -1 -1 -1 -1 -1 -1 -1 -1 -1 -1 -1 -1 -1 -1 -1 -1 -1 9.08263820 7.16082379 6.17828407 8.13289150 5.94001670 2.92016917 1.93418880 2.17003900 2.10038277 1.94406425 1.80167411 1.66658453 4.07808495 2.41320838 2.29471360 2.65490191 3.35303021 4.72132061 7.72429566 6.66581836 4.03722697 2.77521802 1.58096257 2.18634499 2.21313449 4.18264934 5.93887610 4.44919317 5.08227969 4.99995489 4.77824947 5.47550186 2.69943291 1.40257699 1.94298907 1.60131964 2.91577209 4.30339256 8.67170199 9.29537368 5.00000000 5.00000000 5.00000000 5.00000000 3.49808052 3.00008666 5.00000000 5.00000000
-1 -1 -1 -1 -1 -1 -1 -1 -1 -1 -1 -1 -1 -1 -1 -1 -1 -1 -1 5.66201432 13.37318465 6.20008327 10.66469204 6.08027210 3.60809739 3.36320319 2.23959784 1.84383038 4.94890019 2.17337564 2.81065008 2.43505030 4.86866045 5.52919111 3.89893637 4.68902591 2.88896362 4.99168341 7.10658979 5.27692192 3.89366540 2.73830887 2.98362086 2.75654631 3.24755610 3.84308968 4.68088915 5.78913682 5.46501536 4.61309496 3.24792506 1.88334725 1.50294858 2.55788584 1.81079776 1.67168007 1.83879851 2.90745141 5.00000000 5.00000000 5.00000000 5.00000000 5.00000000 5.00000000 5.00000000 5.00000000 5.00000000 5.00000000
-1 -1 -1 -1 -1 -1 -1 -1 -1 -1 -1 -1 -1 -1 -1 -1 -1 -1 -1 8.84122251 6.91989166 4.87783380 3.92040033 4.87807465 5.91687648 3.56825139 1.39648757 1.62041700 2.27850463 2.62294246 2.63353410 4.29235984 5.21479439 6.09320686 3.45686453 3.54177242 6.39292140 7.40027734 5.58771493 4.41704142 4.43956582 3.60186249 3.95514417 4.11422324 3.66865293 4.30635390 5.04983914 6.14724821 4.93773820 7.21785666 4.17266865 2.28223521 2.03352990 0.95763450 2.05920563 1.57116553 2.11974597 2.58286899 1.81795249 5.00000000 5.00000000 5.00000000 5.00000000 5.00000000 5.00000000 5.00000000 5.00000000 5.00000000
-1 -1 -1 -1 -1 -1 -1 -1 -1 -1 -1 -1 -1 -1 -1 -1 -1 -1 -1 5.06654087 8.47343806 3.80082127 2.61410149 5.23918656 4.11475289 4.03815843 1.25622317 1.40410254 2.46736186 3.82722008 8.26234900 5.09831985 5.71641677 8.30572341 3.05196767 3.69596633 5.63094851 5.31967229 3.29443895 4.06577625 3.87133453 4.25786621 3.28431242 3.55883232 5.64919292 5.88648116 5.70703803 4.32988692 7.76232855 5.85258039 5.60519060 3.95784027 2.67228020 1.71610882 1.33550675 1.97466583 2.84682420 2.54022486 0.93811173 5.00000000 5.00000000 5.00000000 5.00000000 5.00000000 5.00000000 5.00000000 5.00000000 5.00000000
-1 -1 -1 -1 -1 -1 -1 -1 -1 -1 -1 -1 -1 -1 -1 -1 -1 -1 -1 5.52859632 4.88559136 3.36090113 4.54674702 6.12305742 5.56280221 3.93126391 1.68453519 2.11924802 2.99625782 4.83880589 7.27589241 9.33710468 9.97813443 10.02999159 7.33007672 4.83861236 5.09315113 4.46188681 2.72448372 3.31989033 4.71550401 6.14221721 7.58502639 8.10306565 10.09224899 11.50886152 9.34919601 7.37445002 5.07335655 3.68625846 4.70150218 5.20351039 4.65065576 1.68460460 1.45579902 1.68513626 2.54301710 1.98546874 0.57130452 0.44747180 5.00000000 5.00000000 5.00000000 5.00000000 5.00000000 5.00000000 5.00000000 5.00000000
-1 -1 -1 -1 -1 -1 -1 -1 -1 -1 -1 -1 -1 -1 -1 -1 -1 -1 -1 10.67426955 11.06027296 8.01078401 8.44436001 9.01964988 8.55427801 3.55604793 1.70221013 2.69840619 3.56902216 4.40804763 6.38234450 8.65309157 9.84331855 11.11869453 9.89677967 7.74560592 6.23663246 6.31047538 4.13985128 3.35057321 4.49938220 8.39941847 12.01656634 12.34507789 12.30614648 12.28707296 10.01798166 12.33172483 8.39815100 3.27987552 4.44194840 3.56039645 2.43385301 2.65450911 2.01278003 2.58552750 2.93618461 1.78108404 0.63311036 0.37803157 5.00000000 5.00000000 5.00000000 5.00000000 5.00000000 5.00000000 5.00000000 5.00000000
-1 -1 -1 -1 -1 -1 -1 -1 -1 -1 -1 -1 -1 -1 -1 -1 -1 -1 -1 10.65901823 8.09854946 6.16669767 4.28796276 4.41939318 7.03125504 5.10161738 5.12385175 5.30688948 4.08508974 3.90707313 5.51137643 7.00144605 7.35341956 8.40184961 8.53453887 7.41490408 6.15321852 7.72102844 6.08952386 4.07205098 7.67521300 10.44616956 10.56733085 9.28653019 9.96426945 6.39585825 5.64498928 15.16558381 10.99590544 5.87309029 5.00059667 2.61296089 2.66242073 4.05837953 3.89893637 3.44202166 4.04821142 4.04946415 2.78730149 1.63384878 5.00000000 5.00000000 5.00000000 5.00000000 5.00000000 5.00000000 5.00000000 5.00000000
-1 -1 -1 -1 -1 -1 -1 -1 -1 -1 -1 -1 -1 -1 -1 -1 -1 -1 -1 7.38435453 4.46701396 1.74034816 2.39166513 4.62448120 5.81263824 9.95106311 10.95470358 8.39326461 8.14987010 2.96604129 4.61450750 7.02404974 3.92345753 5.51202808 8.42267092 7.45317808 6.61316659 8.32546343 13.60515163 8.39489241 8.68211170 12.59369615 5.38067695 4.64453262 9.07264765 6.77869742 12.33780028 17.04320035 10.45913891 3.91718281 3.78375439 3.75248641 2.96323218 4.23608961 3.95125290 3.39227224 4.78838387 5.73938942 4.55575643 2.43549563 1.59370467 5.00000000 5.00000000 5.00000000 5.00000000 5.00000000 5.00000000 2.53196325
-1 -1 -1 -1 -1 -1 -1 -1 -1 -1 -1 -1 -1 -1 -1 -1 -1 -1 -1 5.04512525 5.00450480 3.21071848 3.28306956 4.33569654 6.14376573 7.63614527 8.00087687 8.25134769 7.27605310 4.13538278 3.78446971 5.82854155 4.97750491 5.20644848 6.64458740 7.62666863 6.26467680 8.32726790 8.64283683 9.07195653 8.04276033 4.04238494 2.59742654 3.28990591 6.39466220 13.98468550 18.02817986 13.80158125 4.36106325 1.36920166 1.92164509 2.96241373 3.27882408 2.54322538 2.52090438 4.14984971 3.42656659 3.81397217 4.99932997 2.71139727 1.39770345 5.00000000 5.00000000 5.00000000 1.31325728 1.53435619 2.64953597 3.53614166
-1 -1 -1 -1 -1 -1 -1 -1 -1 -1 -1 -1 -1 -1 -1 -1 -1 -1 -1 3.63831498 4.51003714 3.87167965 4.42625424 3.50703060 3.62305363 6.87378780 7.10641436 9.96812002 5.93370215 4.05663661 3.66853294 4.50943607 6.51468253 3.53514435 4.29013707 7.24230428 6.60435558 4.78435575 5.10591708 4.62564477 4.33482963 4.38534082 4.00588545 5.02542349 11.15794556 16.24403774 15.13263550 5.61978437 5.00000000 1.00358590 1.26524865 3.54342307 4.52096490 4.08536168 4.23099407 6.34575585 3.71211862 2.69440192 5.94466973 5.42983926 3.74990737 3.68630870 1.67422872 1.62293901 2.56020807 3.13578430 3.90397435 4.50751772
-1 -1 -1 -1 -1 -1 -1 -1 -1 -1 -1 -1 -1 -1 -1 -1 -1 -1 -1 5.02793197 5.20236368 5.91259029 7.34979201 4.28850839 3.92748565 6.03780354 7.61498697 8.41707045 5.48171328 4.46008147 5.12383489 6.62618151 5.94176536 6.78587851 5.25133246 5.67159522 5.14630173 3.44731647 5.67240545 4.64023169 4.44506891 5.65919125 8.28020961 12.12313048 15.38368515 11.82429598 4.68054899 5.00000000 5.00000000 5.00000000 5.00000000 4.90264824 13.41520075 7.34557124 8.26201862 8.60396872 6.92502703 4.71039285 6.39076271 8.41567389 6.99879066 6.52361265 5.63086711 4.49531426 4.30516649 4.54141936 4.35001188 4.56340511
-1 -1 -1 -1 -1 -1 -1 -1 -1 -1 -1 -1 -1 -1 -1 -1 -1 3.93487695 10.38192938 5.59796724 4.07989806 7.13855623 10.52567914 11.52356754 7.36521336 5.82550034 8.77652208 6.37558170 4.73596421 3.95857819 4.72099235 5.30758183 4.85462780 5.46600925 5.96397624 5.96774675 3.86836562 2.06985272 1.93189162 3.61838374 4.62035782 9.07060067 14.63404430 17.75925344 12.06962161 4.26041279 5.00000000 5.00000000 5.00000000 5.00000000 5.00000000 5.00000000 7.23141402 7.93765518 6.56030479 6.55476762 10.59590360 9.41361985 6.32837669 6.19910625 7.15765359 7.08592131 6.87211842 6.35736723 6.32101157 5.91772653 4.74889985 4.68397718
-1 -1 -1 -1 -1 -1 -1 -1 -1 -1 -1 -1 -1 -1 -1 -1 -1 6.23932504 7.31711935 4.42813101 2.71206289 4.13718114 7.37017991 11.52234853 11.22760055 8.87929021 4.64684377 5.14886098 4.75190036 3.57105962 3.06715690 4.12193435 2.56458621 2.30763114 4.33276745 4.42858014 4.30904090 1.97601471 2.01749062 2.68678695 7.52250394 15.09538195 20.04187448 13.97877535 4.89774472 5.00000000 5.00000000 5.00000000 5.00000000 5.00000000 5.00000000 5.00000000 5.00000000 8.97996170 4.56527110 4.30052044 8.53032421 14.58892696 8.41937498 3.46312364 5.13498902 6.64234777 6.47584727 6.83934961 7.28591380 7.09095929 7.20827488 8.70485135
-1 -1 -1 -1 -1 -1 -1 -1 -1 -1 -1 -1 -1 -1 -1 -1 -1 6.10474379 6.59073958 2.09415862 1.26534683 2.61600211 3.90200143 6.97699844 9.89985461 7.80481222 4.75596629 6.74831983 4.78051993 3.85161225 4.62538881 3.92837640 3.29413330 1.87136892 1.86432343 2.96113716 3.00907922 1.47139791 1.25597420 4.44465924 12.19836209 20.63726546 16.14638544 5.97175333 5.00000000 5.00000000 5.00000000 5.00000000 5.00000000 5.00000000 5.00000000 5.00000000 5.00000000 5.00000000 5.37471827 2.48171199 4.59993744 13.67454988 12.52136068 6.48231341 6.62160689 6.23027721 7.43049511 7.56571165 7.95942479 8.09833333 10.38954635 11.63196987
-1 -1 -1 -1 -1 -1 -1 -1 -1 -1 -1 -1 -1 -1 -1 -1 -1 8.99143519 7.25417473 2.96300404 1.99605050 2.56003630 5.79912738 5.72302886 7.46347229 7.33563038 6.31959903 7.45802465 5.81098572 4.00261212 3.94587555 4.93215459 5.97776116 2.80456067 2.44601789 2.27340123 1.68966931 1.35648874 1.46623994 6.11860279 16.54533974 17.41797631 7.32021545 5.00000000 5.00000000 5.00000000 5.00000000 5.00000000 5.00000000 5.00000000 5.00000000 5.00000000 5.00000000 5.00000000 5.00000000 2.97064483 5.61782016 7.65224123 9.89394884 12.36423768 11.16675569 7.43014999 7.41188670 7.71631872 7.53680242 7.57315895 8.97468538 8.92333314
-1 -1 -1 -1 -1 -1 -1 -1 -1 -1 -1 -1 -1 -1 -1 -1 -1 -1 -1 4.98727733 4.57015738 2.51679740 3.00780476 4.97236991 5.31128780 6.15118716 4.98422825 5.26979590 4.95324871 3.60666137 5.04406324 4.27265442 4.60828909 4.92661080 5.53595391 5.42292239 1.27272757 1.15230833 3.46041068 8.40676761 16.19688978 12.60972757 4.49998080 1.77821605 5.00000000 5.00000000 5.00000000 5.00000000 5.00000000 5.00000000 5.00000000 5.00000000 5.00000000 5.00000000 5.00000000 5.00000000 4.17361141 3.85427047 3.24137839 9.32697727 13.82765253 8.10033097 5.54940146 5.57173233 5.18118940 6.52983106 6.33951360 5.44849412
-1 -1 -1 -1 -1 -1 -1 -1 -1 -1 -1 -1 -1 -1 -1 -1 -1 -1 -1 -1 -1 4.32060996 4.43330490 4.27709830 4.43811258 5.05973356 5.42183935 4.15231157 7.20952761 4.10500431 2.03918669 2.23402034 3.45837322 5.39402014 5.58656822 4.11581121 1.43485772 1.32837287 2.89411460 9.06803444 13.44735648 11.21039806 4.61576721 2.28263227 1.05540665 5.00000000 5.00000000 5.00000000 5.00000000 5.00000000 5.00000000 5.00000000 5.00000000 5.00000000 5.00000000 5.00000000 5.00000000 2.00106005 1.86353141 5.67510366 11.60313092 12.53650921 7.66624306 5.15523309 3.84616461 5.29831146 6.34864548 3.72270126
-1 -1 -1 -1 -1 -1 -1 -1 -1 -1 -1 -1 -1 -1 -1 -1 -1 -1 -1 -1 -1 -1 4.94329186 3.85561091 3.83097899 4.03284676 3.27555074 2.81624357 3.91245710 4.19151703 1.51224679 2.85683649 2.82464492 2.72415335 4.35673398 3.54539175 1.53288366 1.12172770 4.62919180 8.35880171 11.23556099 10.34132450 5.06844755 2.07932149 1.17750053 0.76081003 5.00000000 5.00000000 5.00000000 5.00000000 5.00000000 5.00000000 5.00000000 5.00000000 5.00000000 5.00000000 5.00000000 5.00000000 2.46432316 3.04911916 10.28307138 12.59473849 9.85009122 6.76455140 4.18989534 4.45815613 5.21552243 5.97481608
-1 -1 -1 -1 -1 -1 -1 -1 -1 -1 -1 -1 -1 -1 -1 -1 -1 -1 -1 -1 -1 -1 -1 -1 3.27764576 3.34554332 3.47967982 3.47678429 3.53659759 2.43317963 2.69199549 3.07835050 2.59537222 1.87871805 2.56509114 3.36473572 2.05675851 2.48008711 4.97435069 7.75728882 9.85257031 9.11402654 4.79128824 2.02078081 1.11607178 0.76813976 0.93631985 5.00000000 5.00000000 5.00000000 5.00000000 5.00000000 5.00000000 5.00000000 5.00000000 5.00000000 5.00000000 5.00000000 5.00000000 2.88962378 6.98283993 9.95795402 8.72158997 8.19021404 6.29332921 5.88169128 6.58589301 5.97556999
-1 -1 -1 -1 -1 -1 -1 -1 -1 -1 -1 -1 -1 -1 -1 -1 -1 -1 -1 -1 -1 -1 -1 -1 -1 -1 -1 6.57640989 5.11945467 3.06144343 3.08809209 2.37014449 1.93324748 2.06402137 2.71763052 3.32444023 3.55920128 3.86207491 4.49177509 6.79159199 8.95127146 8.08458048 4.61477333 1.72466011 1.51784814 1.63487405 1.61228040 2.28112395 5.00000000 5.00000000 5.00000000 5.00000000 5.00000000 5.00000000 5.00000000 5.00000000 5.00000000 5.00000000 5.00000000 5.00000000 5.92281455 5.88310202 5.70140509 7.24120525 6.78995431 5.94168520 7.07150983 8.37635056
-1 -1 -1 -1 -1 -1 -1 -1 -1 -1 -1 -1 -1 -1 -1 -1 -1 -1 -1 -1 -1 -1 -1 -1 -1 -1 -1 4.06552788 3.97107133 3.31384161 3.13402663 2.13803186 1.30950974 1.55649809 2.35648779 4.01354888 4.83040330 4.92640864 4.83054914 6.31707960 7.98559847 7.32068148 4.64532723 1.57866827 1.35185045 1.77021260 1.87228351 1.51165299 1.16636024 5.00000000 5.00000000 5.00000000 5.00000000 5.00000000 5.00000000 5.00000000 5.00000000 5.00000000 5.00000000 5.00000000 5.00000000 2.74373160 3.42980634 5.25516916 8.04866609 7.22076802 8.26521965 10.75852220
-1 -1 -1 -1 -1 -1 -1 -1 -1 -1 -1 -1 -1 -1 -1 -1 -1 -1 -1 -1 -1 -1 -1 -1 -1 -1 -1 2.01680042 3.06357704 2.93744433 2.60321232 2.35051748 2.29387829 2.15006775 2.86815830 4.68451459 7.14053990 7.60085614 7.23151440 5.25960138 6.46986098 8.22140186 5.81100956 3.17116091 1.54310722 1.32145724 1.66630474 2.14285069 5.00000000 5.00000000 5.00000000 5.00000000 5.00000000 5.00000000 5.00000000 5.00000000 5.00000000 5.00000000 5.00000000 5.00000000 5.00000000 5.00000000 2.44773674 4.12540163 8.28398751 9.24822536 11.17593567 15.51780417
-1 -1 -1 -1 -1 -1 -1 -1 -1 -1 -1 -1 -1 -1 -1 -1 -1 -1 -1 -1 -1 -1 -1 -1 -1 -1 -1 1.87922611 2.24851111 2.41798342 2.56758673 2.09970241 3.05414198 3.06084235 3.31913642 3.93652014 6.56541595 8.22120409 5.00000000 3.10317239 4.36865603 7.25719773 8.10000147 5.92967403 2.75262421 1.00658641 1.48360137 1.63122761 1.05884740 5.00000000 5.00000000 5.00000000 5.00000000 5.00000000 5.00000000 5.00000000 5.00000000 5.00000000 5.00000000 5.00000000 5.00000000 5.00000000 5.00000000 4.00617815 8.98164925 15.68849348 19.90754005 23.84482972
-1 -1 -1 -1 -1 -1 -1 -1 -1 -1 -1 -1 -1 -1 -1 -1 -1 -1 -1 -1 -1 -1 -1 -1 -1 -1 -1 4.72485460 2.10988526 1.68235100 1.40320480 2.19173507 3.11587758 4.98031402 3.78616081 4.12645265 5.22685436 6.68821166 5.00000000 5.00000000 2.16107542 4.16555638 6.98220574 8.66618542 6.53422813 3.13722068 1.36469780 1.28301479 0.90448976 0.84365464 5.00000000 5.00000000 5.00000000 5.00000000 5.00000000 5.00000000 5.00000000 5.00000000 5.00000000 5.00000000 5.00000000 5.00000000 5.00000000 5.00000000 16.09701417 14.55820338 14.83382391 23.67677119
-1 -1 -1 -1 -1 -1 -1 -1 -1 -1 -1 -1 -1 -1 -1 -1 -1 -1 -1 -1 -1 -1 -1 -1 -1 -1 -1 5.25863711 3.09519137 1.49667385 1.86066427 2.74941331 2.88444743 1.89798386 2.52367279 4.21776148 7.23508672 5.00000000 5.00000000 5.00000000 5.00000000 1.30762511 3.70467762 7.01354155 9.01579807 7.22905724 4.03205215 1.33056404 2.50670205 1.35009108 1.35663295 0.83658257 1.29674379 5.00000000 5.00000000 5.00000000 5.00000000 5.00000000 5.00000000 5.00000000 5.00000000 5.00000000 5.00000000 9.14486860 9.95942550 4.02453369 8.63313418 20.67086994
-1 -1 -1 -1 -1 -1 -1 -1 -1 -1 -1 -1 -1 -1 -1 -1 -1 -1 -1 -1 -1 -1 -1 -1 -1 -1 -1 5.00774193 4.99214851 4.51287009 3.48605559 2.97591062 1.06566574 1.24980549 2.20506115 3.34913650 5.00000000 5.00000000 5.00000000 5.00000000 5.00000000 5.00000000 5.00000000 3.97929647 6.95361410 9.33400678 7.62845101 3.93164973 1.87201070 3.45973818 1.52214907 2.52013362 1.84548534 1.53236762 5.00000000 5.00000000 5.00000000 5.00000000 5.00000000 5.00000000 5.00000000 5.00000000 1.78212027 4.81082819 7.50335201 7.45430219 15.79173660 21.39691034
-1 -1 -1 -1 -1 -1 -1 -1 -1 -1 -1 -1 -1 -1 -1 -1 -1 -1 -1 -1 -1 -1 -1 -1 -1 -1 -1 1.24467946 2.46424834 5.51234036 7.51078819 2.50486422 0.89192622 1.64621967 3.03420644 5.00000000 5.00000000 5.00000000 5.00000000 5.00000000 5.00000000 5.00000000 5.00000000 5.00000000 5.38057291 7.24588388 8.74688154 7.62109200 4.64077732 2.44867328 1.82780708 2.80489104 2.55408285 1.22844860 1.26751888 5.00000000 5.00000000 5.00000000 5.00000000 5.00000000 5.00000000 0.58910116 1.41724314 3.53953568 8.12781980 15.30410528 20.44495037 19.15860593
-1 -1 -1 -1 -1 -1 -1 -1 -1 -1 -1 -1 -1 -1 -1 -1 -1 -1 -1 -1 -1 -1 -1 -1 -1 -1 -1 1.35244077 1.04803849 3.28424912 9.26998474 3.47072051 1.62875067 1.82166180 5.00000000 5.00000000 5.00000000 5.00000000 5.00000000 5.00000000 5.00000000 5.00000000 5.00000000 5.00000000 5.00000000 5.00604721 5.95536993 7.23234743 7.22297480 5.11387716 3.20740444 3.06609647 2.70059736 2.60730498 1.77146267 0.94864843 0.85100582 5.00000000 5.00000000 5.00000000 1.78785585 1.25309901 2.28659370 4.39472043 9.68737509 16.20837268 18.61460700 11.52047088
