GisToSWMM5_01/demo_catchment/out/SWMM_in/demo_catchment.asc
ncols        234
nrows        231
xllcorner    0.000000
yllcorner    0.000000
cellsize     1.000000
NODATA_value  -1
[rows 150 to 179 of 231, columns 68 to 135 of 234]
1.80178913 2.28329994 2.90689741 2.76732326 29.13716636 56.45936289 5.00000000 5.00000000 5.00000000 5.00000000 5.00000000 5.00000000 5.00000000 5.00000000 5.00000000 5.00000000 5.00000000 5.00000000 5.00000000 4.27256105 4.65910392 5.70605812 9.11793343 4.45002760 5.45217013 5.73220796 5.55937604 5.80608371 7.03138403 9.67751439 10.77301297 9.65455860 8.71323708 7.08466160 4.72509975 6.51793900 7.18444520 6.01380417 4.82076773 4.08505603 4.82563814 3.19044358 1.25038971 0.56606396 0.89041753 1.57755239 3.46927838 3.62560590 2.88126937 2.52565356 4.49516143 2.37167702 3.16598609 4.57158046 4.34722662 3.38368025 3.47328964 1.95735860 5.00000000 5.00000000 5.00000000 5.00000000 5.00000000 5.00000000 0.63463591 1.23938818 1.30286109 1.82775843
5.00000000 3.12635389 3.77203202 3.26751137 30.05001877 64.34541744 20.53752954 5.00000000 5.00000000 5.00000000 5.00000000 5.00000000 5.00000000 5.00000000 5.00000000 5.00000000 5.00000000 5.00000000 5.00000000 3.53098820 4.30381063 4.88752569 5.54136085 4.27256526 4.34509301 4.69594154 3.98069991 3.40443013 4.55794760 9.44252123 7.20828564 5.34571000 4.38077405 5.42904465 6.14054784 5.50110606 6.61059746 7.74531836 5.50455607 4.29175876 4.32260233 4.32231964 2.23347471 0.67789121 0.59469252 1.52755601 2.77130291 3.56017132 3.18216222 1.79449177 2.77858052 3.17661843 2.92003232 4.13390569 5.10186600 4.66694401 3.21106360 2.10053589 5.00000000 5.00000000 1.60827385 1.49532872 0.77249235 0.75472016 1.05250355 1.28573551 1.28751412 2.37343468
5.00000000 4.55079695 3.53822627 2.76055058 20.83451613 30.10714654 17.79978498 5.00000000 5.00000000 5.00000000 5.00000000 5.00000000 5.00000000 5.00000000 5.00000000 5.00000000 5.00000000 5.00000000 5.00000000 5.35063445 4.20641659 3.99139468 4.63942146 5.79960847 5.51765116 6.38150432 2.83226687 1.76634517 2.53833035 1.83803762 2.46537120 3.03453183 3.51724428 5.71085700 8.31589152 9.45931530 9.08648102 9.52435506 7.42770374 5.29405123 4.21980048 4.61377045 3.62330261 1.57933389 0.51454204 0.89434252 1.19685417 3.20677952 3.68908929 2.85994225 2.88931572 2.42910383 2.11219554 2.33035394 5.27765984 5.36617020 4.22485619 5.65299861 3.28445430 3.52886022 3.89559961 3.96485205 3.45319840 2.79125032 2.37229496 1.77414457 2.46633426 4.81449300
5.00000000 2.29698087 2.65952325 2.20694893 9.57123005 21.82869619 22.55578002 5.00000000 5.00000000 5.00000000 5.00000000 5.00000000 5.00000000 5.00000000 5.00000000 5.00000000 5.00000000 5.00000000 5.00000000 5.24915368 5.29369912 6.32759894 7.57138530 7.87816706 6.45674991 3.19049825 2.51939570 5.29741372 1.70987356 1.82462240 1.84532592 2.37040496 3.36069103 5.35279531 8.94394617 12.08829949 14.11825940 12.62048652 10.95357983 7.23821374 4.13961917 4.24152039 4.69507463 2.33502383 0.80812646 0.73740405 1.46115139 2.78617862 4.45800331 3.98101132 4.08918938 3.07308651 2.28076722 1.97353598 2.83772439 4.71337738 4.73257787 3.48951345 3.96411500 4.29972583 2.93457978 3.51044776 6.95977174 2.88264209 2.32185732 2.52276518 4.26349916 4.54731525
1.57046619 2.10639138 2.03563967 2.08739371 4.46003502 7.91654544 8.51283678 7.78624027 5.00000000 5.00000000 5.00000000 5.00000000 4.45913316 1.85799270 1.53388044 5.00000000 3.37503769 4.16331615 6.27626507 6.73522000 9.83329628 11.15496066 9.45294406 4.94166319 2.30714219 2.36921304 2.12466483 1.58113086 1.83266910 3.59654182 5.00000000 5.00000000 3.82993797 4.97080163 7.01360952 8.75404761 10.85908318 15.04104481 16.12029496 11.45651251 4.96315011 3.41813529 5.44620768 3.36129182 1.36870906 1.03523882 1.38945894 2.01681512 4.99555782 4.44756449 2.59345387 1.44737470 1.53299667 1.18121669 1.79608186 3.18946367 4.15893266 4.08578697 3.12671820 1.79693191 1.50250520 1.42689764 2.03236633 2.50411032 3.57926868 5.91754288 7.84006885 6.16388857
1.58709733 1.41262300 1.99336428 2.55474847 1.68880240 1.22912016 1.72870508 1.71313565 5.00000000 5.00000000 2.78926753 1.79597236 1.61909563 2.27220606 2.69403702 4.35336016 7.12883598 8.36372058 11.35519638 13.06619280 13.45541934 10.01066212 4.09985245 1.58626638 1.20130793 1.18520462 1.04581227 0.85962165 5.00000000 5.00000000 5.00000000 5.00000000 2.97416771 5.00000000 5.00000000 2.64953791 3.75229028 10.74645347 17.21460612 15.59339575 8.09946406 3.22195190 5.17005212 4.91574547 1.74575511 0.91265924 0.75623557 1.92136530 3.93014803 4.91645091 3.34185224 3.20610403 3.23946703 3.10858513 3.88020921 4.70053215 3.33645926 2.83290167 2.27950751 2.44820905 2.48494065 3.60338804 6.01054682 7.41556271 9.62875389 10.68669952 9.43680776 7.13957597
3.04530800 1.78044305 2.89767761 2.82483845 1.73149733 1.19501024 1.68517696 1.79870787 1.69439263 2.37309910 2.23811855 1.45823916 1.77378259 3.89899306 7.84980346 11.57398957 13.90349345 15.91847163 15.78180272 13.36181468 8.36384056 3.64319457 1.34458970 1.89114664 1.12300427 0.66087705 5.00000000 5.00000000 5.00000000 5.00000000 5.00000000 5.00000000 5.00000000 5.00000000 5.00000000 5.00000000 1.08728516 4.54341612 14.31792275 17.27353298 10.47411775 4.31806928 4.29784818 6.00351695 2.94186437 1.34463040 1.32392821 2.22720784 4.83931170 4.93180947 6.21524080 5.42098842 6.59721481 6.72397534 7.14426970 7.03969622 6.83944488 8.58953464 8.14932359 8.59475792 8.93518450 9.18180388 10.85834614 10.87639992 8.78973627 8.01389753 10.22498593 5.21929372
5.00000000 2.81739412 3.14101668 3.40375463 2.07896939 1.41959619 1.64249890 1.78237747 3.09150838 5.09318485 5.54899966 5.04625265 5.97579512 10.53116661 14.98314503 16.02704240 15.28662098 13.50272085 9.32790174 5.38412696 3.16690068 1.59818228 1.01051838 1.64550640 1.35530133 0.92669047 0.74626187 5.00000000 5.00000000 5.00000000 5.00000000 5.00000000 5.00000000 5.00000000 5.00000000 2.18656254 1.17996917 3.16158901 10.72820828 16.48852300 12.32557210 5.64360145 3.61894623 6.07335559 4.78506983 2.02581879 1.78664469 2.77571597 3.01255394 6.32762278 5.85983539 4.83394334 5.78882542 5.71794930 6.53984546 7.65818682 8.30870919 9.08067140 9.18734767 9.24754986 8.10585091 7.70409142 6.06488359 7.77392220 3.30094667 4.14368711 3.54223054 2.61057831
5.00000000 2.06150877 2.78189455 3.58507830 2.01822767 1.11446695 1.57354811 2.14779729 5.14645456 9.87574223 10.96073833 12.11065332 14.10187412 16.32864933 15.77965225 12.77481641 8.09211492 4.35229832 3.36489553 3.03806200 3.40436559 2.99776651 2.59250069 2.68868146 2.18322237 1.09826698 0.66631007 5.00000000 5.00000000 5.00000000 5.00000000 5.00000000 5.00000000 5.00000000 5.00000000 5.00000000 4.19272913 3.80062898 6.87856982 15.36855995 15.39873790 7.50652221 3.37141923 4.91578617 7.02234752 4.06941855 2.28564539 2.33190333 3.44127474 5.70874724 5.55631098 4.49444036 4.51519722 3.98154097 4.54762179 5.54222987 7.08493442 3.19475848 2.55348876 2.15847520 2.62917772 2.99651378 3.87638937 3.93581470 3.26193387 2.93254930 3.34164396 2.32403938
3.74893806 3.30746994 2.59058322 3.91032960 3.43809667 2.72025509 3.29490406 3.75603256 7.65008378 10.65831993 10.06821714 11.87416833 13.82277349 12.49284425 9.27792920 5.46519204 3.09971045 3.36991055 3.97217821 3.70377359 2.21848599 2.83917552 2.56937521 2.50727152 2.60662948 1.61075470 0.71331770 5.00000000 5.00000000 5.00000000 5.00000000 5.00000000 5.00000000 5.00000000 5.00000000 5.00000000 6.12777519 4.54908977 6.50355338 12.90245082 14.43986143 8.60322382 3.95675599 3.83987303 6.57448292 5.96424906 3.35578874 3.03887346 4.14080658 4.96134564 4.38169852 3.18547625 3.47145967 3.81741606 3.72722733 2.86965013 2.01318969 1.84082201 2.87095830 2.55635331 2.41975505 2.93670640 3.38217156 3.46298767 3.34187608 3.36281737 3.89303061 4.38408808
4.33623519 5.38044484 5.52590004 5.91304965 6.10858838 6.40378462 7.44931966 9.02865355 12.95244720 11.64584270 7.83303323 6.53422115 6.70053635 5.24031641 3.66161731 3.34072937 8.62105108 20.97246823 34.52532143 37.60177742 29.69538237 14.82772461 6.10711166 1.40405485 1.85945302 2.32719361 1.20435930 0.74327821 5.00000000 5.00000000 5.00000000 5.00000000 5.00000000 5.00000000 5.00000000 5.00000000 2.41364586 2.54322538 3.12840930 9.60210610 13.11097489 9.30367636 4.08115777 3.53214383 4.83432829 6.42082765 5.61490835 4.87677424 4.45417570 3.53971112 2.95865843 2.74718355 2.77974409 2.33438904 3.49188905 3.02546573 1.68918822 1.88173543 2.33687764 2.01065340 1.84539575 1.50320454 2.26728021 2.52344765 3.53117379 4.05024190 4.81617836 5.91304965
4.52292308 7.01809427 13.61643485 11.20416367 11.24129096 10.23323569 10.68679691 12.16783204 10.45616012 6.63186127 4.20288642 4.00311705 3.95488532 3.75955575 3.83305354 6.19804530 23.66202322 52.67327264 60.66114928 69.87362780 67.95173911 38.84624205 8.02866408 1.61361895 1.20253324 2.32901182 1.72150635 0.97054857 5.00000000 5.00000000 5.00000000 5.00000000 5.00000000 1.73384619 2.27297108 1.99585215 2.95258729 4.42726410 6.10606895 9.23528972 13.38012442 10.98688817 4.68736352 2.69114544 3.39707112 4.46827367 4.56675075 3.95641087 3.30523975 2.62161820 2.11798830 2.36307516 2.39478564 2.02229648 2.66120948 3.49832359 4.34550268 3.36448675 3.36814590 3.29868320 3.08919810 4.04871635 3.51168363 3.86712975 4.10541310 4.22674982 4.20792528 4.84684526
5.40317462 8.49850485 13.34409702 15.87008008 12.60219277 10.06757536 8.00231201 5.70492739 3.58506144 2.89161204 3.51662634 4.04858038 4.16649007 4.17658376 3.78884993 10.89568869 32.83051288 53.47028908 53.97831911 5.00000000 5.00000000 5.00000000 5.00000000 2.13533491 5.00000000 5.00000000 3.01116358 2.74767281 2.11483322 5.00000000 5.00000000 1.72279233 2.12659670 2.23930323 1.93386541 2.64689414 4.87639829 6.61824527 8.51412635 11.30684466 14.33320115 12.50726184 5.44101600 2.24298418 2.06219917 1.86645703 2.28148130 2.30635457 2.09551448 3.14575112 1.71167890 3.35931192 3.11635867 2.59238856 2.80260373 4.29685430 6.29730100 7.35970991 5.46925998 3.22258669 3.88996555 4.19019278 3.46809795 3.39152733 3.21197819 3.34059951 2.74082830 1.52174639
7.25295348 10.83143454 12.97009918 11.89194930 7.95247545 5.29003997 3.16813655 1.92734171 1.97440289 3.08187979 3.92762249 3.83456921 4.13479644 4.55151306 4.10161798 15.58188988 29.42921968 5.00000000 5.00000000 5.00000000 5.00000000 5.00000000 5.00000000 5.00000000 5.00000000 5.00000000 4.57027191 3.20629843 2.92055588 3.67347058 4.85251012 3.88739223 4.49391857 2.48993183 1.67080618 3.46106932 4.80591498 5.32473499 8.89042050 10.76761301 15.32675578 12.57315454 4.91423678 2.51798315 2.63314130 1.59147492 1.63452195 2.30071551 2.62888106 2.29728847 2.15525943 2.59426621 4.29414833 5.35502506 2.42343106 2.24940186 5.83969445 21.71546416 4.75182770 2.65019132 4.13383339 2.68373875 1.98134236 1.83756553 2.16308267 2.38441913 2.15398286 1.78110090
10.77587752 11.19631659 8.93581029 4.12676405 2.05691134 2.15368620 2.29749675 2.34044065 3.17242063 4.04555602 4.15403763 4.43445342 4.72319826 4.50225460 4.23710935 16.14636463 28.55965886 5.00000000 5.00000000 5.00000000 5.00000000 5.00000000 5.00000000 5.00000000 5.00000000 5.00000000 2.71968593 3.16213552 2.83948904 3.18391988 3.44983590 2.94138328 3.18667841 3.72606376 2.54628345 3.48913750 6.00264306 8.16562870 7.37606183 13.02067403 17.14747056 9.40538695 2.84124670 2.40423755 2.76734710 3.13061645 1.79700421 2.07467544 2.43329264 2.33374027 1.66688408 2.28380844 2.91186396 2.47808047 2.08929520 2.45934421 3.50373953 4.07939887 3.50039389 1.89820123 2.05763240 2.18164138 2.18718517 1.98476940 1.70888666 1.66749215 1.63022102 1.51100394
11.91516104 8.95625363 3.41398430 1.35673772 1.39762730 2.10307189 2.60689531 3.12914847 4.26160465 4.83899818 5.30139338 5.17282052 4.39239329 3.58543040 2.99600186 14.04874038 19.43136261 5.00000000 5.00000000 5.00000000 5.00000000 5.00000000 5.00000000 5.00000000 5.00000000 5.00000000 2.18669622 2.48473875 2.63831612 2.24752421 1.29523511 0.76783097 1.71646092 3.58981062 4.53961402 4.47283056 6.19422721 7.88778866 9.66000625 14.66052327 11.13368325 4.22530480 1.40042652 2.03048868 2.63583739 2.35721785 3.00191374 2.78882704 1.82600872 1.88665430 1.77478635 1.14585693 1.20711755 1.82079531 2.86784478 1.53272385 1.57931703 1.69397024 1.88566740 1.76835879 1.54979073 1.33791317 1.61321170 1.74939042 1.19890151 0.98399959 1.08124080 1.25535626
5.71790948 3.53613249 2.24773249 2.51239867 2.98277779 3.36107657 4.06250292 5.00747371 6.07297965 6.24029161 5.17371826 3.67658917 2.20762153 2.27900258 2.80626288 9.61368588 16.59081337 19.06655640 5.00000000 5.00000000 5.00000000 5.00000000 5.00000000 5.00000000 5.00000000 5.00000000 5.00000000 3.02833435 2.68591306 2.78009619 2.03844877 1.02580376 1.35522903 2.63097397 3.50281593 4.61448366 6.61367152 8.58164686 14.06555007 10.06179910 3.91995819 1.35372034 0.96113994 1.73360709 2.85702102 2.89715582 4.81798247 2.45859031 2.03540755 1.90677926 1.96429932 0.98308499 1.21202944 1.77808352 1.83843942 2.01522715 2.04058238 1.99600282 1.67239415 1.63241218 1.83993125 1.03310521 1.21570256 1.56532509 1.72959583 1.78604361 1.48149160 1.55248683
4.36702120 3.72015799 4.20627276 4.69529976 5.26013483 5.79395954 6.22036019 6.76645289 6.35492797 4.58864734 2.74139777 1.58138821 1.65158883 2.17406712 2.13089110 5.24918411 13.25161523 15.13127491 5.00000000 5.00000000 5.00000000 5.00000000 5.00000000 5.00000000 5.00000000 5.00000000 5.00000000 2.58007043 3.20783096 2.91789872 2.15487361 2.14189240 1.76502091 2.00754764 2.88578556 3.97128658 6.65498675 9.38985260 8.51317193 4.26129936 1.60521091 1.20343455 0.77184921 1.66419409 4.58806100 3.93493093 2.94639131 2.47949301 1.44914922 1.18768495 1.26116588 1.13451051 1.57418291 1.93326433 2.05306853 1.86041530 1.32392123 1.03854587 1.79551937 1.24892173 1.85368410 2.21647237 2.09970241 1.74032432 2.06849686 4.05502392 5.63120446 6.67703492
3.54620234 3.68718780 4.61244619 5.63199907 6.37568483 6.74373910 6.55509712 5.71202057 3.65338441 2.11146213 1.27294054 1.24971042 2.46556653 1.74435789 1.36915515 2.29170924 4.83346984 6.49940299 5.77576116 5.00000000 5.00000000 5.00000000 5.00000000 5.00000000 3.21751412 2.88934111 4.94528703 2.33442368 1.58462172 3.27535845 3.29556270 2.33089346 1.75888303 1.88475979 3.66803499 11.30833736 7.26894306 4.20929800 2.43517639 1.33637366 1.68686021 1.96708458 2.79896842 4.90858086 5.52652584 3.59769840 2.22584500 2.49458698 1.25319882 1.29004342 1.59360853 2.30827292 2.66887002 2.00762206 1.59640077 0.94717184 1.33664648 1.11543000 1.22363880 1.71492839 2.68225390 2.48228526 2.61386850 5.22353920 6.13156103 8.17337928 7.33893454 6.11411044
2.53253061 3.44090577 3.87082262 5.71506877 5.90024388 4.25112514 3.99789377 3.57197182 3.13358563 1.39193767 5.00000000 5.00000000 5.00000000 0.81083730 0.92849801 5.00000000 1.54359788 1.07087429 1.24988452 5.00000000 5.00000000 5.00000000 9.27139728 4.58743503 4.89070715 3.64616225 3.24229299 2.40755159 2.08817931 4.05287433 4.71699584 2.12302628 2.40589907 4.97502619 6.57868771 6.16069540 3.70781769 1.62834337 1.25558140 1.92743087 2.84413509 4.08420597 5.63159028 5.01045825 3.13268763 2.52648189 1.22391162 1.34069843 1.88109365 2.27011104 2.63566072 2.34385781 1.42718731 1.57199174 1.24196540 1.19373367 1.52995545 2.16215122 2.04232318 2.65761276 4.46794541 6.04595504 5.41618343 7.23326203 7.83186268 5.17460901 2.57146325 3.43406943
5.43166023 5.48890261 5.61923312 5.90488006 4.92420350 1.85576925 2.21078373 4.54228247 5.00000000 5.00000000 5.00000000 5.00000000 5.00000000 5.00000000 5.00000000 5.00000000 0.98033345 1.32918163 1.22917408 0.87578255 1.05797439 2.29788967 2.60335446 3.32399897 3.06023916 2.95145313 2.29362932 2.11951385 1.84880593 4.61325477 5.06457103 4.12613914 7.15018333 7.34280982 3.98633286 1.84931087 0.99864319 0.96356323 1.63730721 3.30224621 5.27701806 5.75363121 4.32105294 3.89487665 1.56287796 1.95183990 2.24147549 2.49233825 2.51646748 2.02111606 2.85290452 1.48065841 1.32907919 1.49520375 1.78840235 3.00245239 4.83188814 7.59950806 5.26326521 4.96415387 6.14876388 6.90582654 5.79787465 5.06804487 3.91522463 3.63484954 4.31414430 4.14064676
9.16361413 4.45012374 5.30768409 5.26373032 3.42558668 3.77353295 3.31232748 5.00000000 5.00000000 5.00000000 5.00000000 5.00000000 5.00000000 5.00000000 5.00000000 5.00000000 5.00000000 2.02379752 3.36454219 1.45167563 1.69636968 2.44082620 3.32357332 3.46257801 3.34098533 2.32165680 1.63845392 1.28057465 0.82581127 3.33076265 8.07186998 7.71492303 7.26202744 3.44357803 1.52773268 1.29736871 1.38880030 2.07430648 4.17735452 6.70589648 6.53128306 6.08971615 1.96584173 1.67175238 2.05181580 2.32289966 2.52441071 2.28998004 1.95633923 1.65465389 1.60042889 1.69182676 1.58447789 3.40636235 7.30603664 7.22967518 6.63653116 6.39851364 4.33006359 4.21111933 6.07803448 6.97275295 6.70917105 6.89383834 6.27570107 6.29864088 6.16226775 4.11273141
7.58294822 4.29788888 4.91160522 4.92700273 3.28581412 4.62729605 6.07963445 4.25635628 5.00000000 5.00000000 5.00000000 5.00000000 5.00000000 5.00000000 5.00000000 5.00000000 5.00000000 1.95779511 2.76616879 1.22911028 1.70647036 2.86606328 3.30162828 3.51722742 2.74562718 1.44206303 1.40795311 1.42817421 1.18698561 2.51129876 4.91005583 4.96979380 2.78658741 1.72657148 2.06621042 2.30360302 3.58798965 6.19339190 8.28738083 6.58487327 3.54085783 1.77755475 1.77163212 2.04180139 2.18387113 1.76352909 1.95605944 1.33119883 1.89786387 1.79760529 2.69908081 5.24232392 7.22900868 7.73927451 6.86416619 4.94317886 4.08323594 2.82457262 3.93744250 5.34278091 6.61431330 6.98618452 7.86386894 7.95446610 7.30158412 5.85617624 4.73307582 5.22020831
11.84220102 5.39799281 5.52363745 2.93643359 3.06382601 4.53767968 3.11597984 2.53371621 5.00000000 5.00000000 5.00000000 5.00000000 5.00000000 5.00000000 5.00000000 5.00000000 5.00000000 3.78717357 1.55457260 1.89003287 2.43386000 1.50342967 1.12884472 2.48141835 1.74282689 1.21993196 1.46744210 2.13412373 1.38147501 1.80825449 2.21467400 2.01147961 1.72498139 2.12704742 3.12017764 4.84533657 7.59357933 6.95985103 4.00789907 2.35347941 2.07717103 1.94056578 1.81654982 1.97562889 2.54688453 1.47379735 1.55498242 2.07620797 3.24178020 5.66047480 7.28548117 8.03073230 6.13469053 3.87005796 1.98131076 1.71092412 3.40260792 4.76793065 4.98422127 5.96037377 6.94424437 6.38325211 6.95016612 8.13890039 6.65520288 6.48376665 6.39235890 6.48250694
16.27395922 8.14248026 6.50007875 4.17832456 3.89025522 5.69292321 4.85482919 2.21478198 2.11799818 5.00000000 5.00000000 5.00000000 5.00000000 5.00000000 5.00000000 5.00000000 5.00000000 5.00000000 3.98344934 3.20234960 2.68860217 1.75309726 1.50676755 1.40801067 1.36257816 1.48426001 2.88223941 2.22834756 1.70435361 2.06650708 1.83602313 1.87834909 2.83644083 4.43520733 6.80128388 7.13688773 4.02203774 2.33238442 1.36932700 2.34421979 2.46645425 1.50279488 1.35558113 1.75332239 1.59118525 1.81988770 2.24291188 3.36899595 6.99673634 8.48188709 5.17675249 2.91030672 2.94772943 1.63423228 2.58467745 4.33775086 6.30104032 7.38507248 9.13724816 12.94772186 14.08194357 11.69417094 9.62225403 7.81410556 6.13839737 5.85420244 5.81013567 6.22639494
20.31559724 12.30496606 7.93812152 4.46927743 6.35795931 11.47739225 4.44405904 2.79666512 2.98698616 5.00000000 5.00000000 5.00000000 5.00000000 5.00000000 5.00000000 4.73165515 7.91630230 8.39766410 6.50907730 4.73898857 2.67103734 3.20808692 1.44133296 1.40495259 2.10398648 2.19146924 2.36314746 1.81212890 1.54272140 1.91775382 2.74253052 4.30327198 6.27451454 7.31065109 5.92029442 3.04148816 1.30001713 1.23218310 1.71593913 2.21493984 2.44235873 1.66948891 1.79336890 1.80586203 1.98869149 3.34558292 4.27297492 5.11224936 4.95116279 4.27574244 3.17242063 2.81269742 3.88051363 6.40686566 8.89418279 11.47973413 13.22813765 16.62926973 21.64524792 26.44724779 27.06543475 24.62434272 19.95719943 13.27505211 8.78153621 6.12470907 4.71896187 5.47335140
19.02523456 12.41836653 8.47594150 8.43665588 7.28750301 5.07130310 3.81860260 3.97915140 3.78596097 3.58929094 5.00000000 5.00000000 5.00000000 2.33972657 4.81203729 12.83442524 9.49389818 8.65450287 6.01440525 4.21092580 3.95438039 2.29879716 2.46004355 1.35092810 1.87782730 2.32591703 1.83261295 1.58997322 2.07380853 3.27963554 5.45504166 7.24646924 6.00277903 3.28976994 1.82921962 1.61745507 1.55467588 1.60037133 1.36809112 2.03138642 2.05129401 3.02062615 2.56305368 2.74400549 2.75070674 3.40208613 4.31262863 4.49419139 2.87849398 3.92674773 4.63990343 6.96241727 10.63776358 14.11837851 16.51339627 17.89248171 20.16327435 23.63745562 25.54375865 23.43564093 19.67209689 21.06970820 20.87291638 20.28112859 12.15496994 7.55768790 7.66422158 8.24186206
17.09484175 9.81514723 6.08313701 6.07169697 5.43623397 3.95583363 4.82749194 5.82368801 5.08158246 3.66309270 5.00000000 2.72351943 2.36015527 4.00126725 7.37802001 10.68142943 10.28033467 5.72659187 3.12928444 2.47239984 1.37816098 1.91834792 4.69228238 2.08148882 1.88944654 1.80675279 1.88442454 3.33393983 5.19521506 6.68699265 6.78940868 5.42189691 1.97646419 1.72994794 1.75284130 1.52085564 1.04157023 1.22907946 1.54672567 2.01884560 1.83450745 2.62367252 5.67941934 3.77707088 2.83768369 3.48053564 2.36332413 3.70553125 5.27651313 8.20586751 10.50807485 13.00298223 15.09705045 16.15936357 16.09862185 14.89330266 14.77547226 14.45989599 18.20128619 9.19556371 5.60002400 4.82770844 12.84780840 18.55271282 11.61393993 5.09632221 6.09888051 11.90616638
11.85495186 5.16002210 2.50413416 4.22824864 6.87514365 4.70406231 3.61092248 5.79217716 5.34452957 5.54584578 5.37863777 3.45898565 4.64537569 6.40041514 7.27692001 5.92335948 4.77352413 3.05119691 2.07377771 1.69092902 1.11479521 1.69147466 2.52413789 2.44778253 1.80764354 2.22617326 3.77319559 5.57160334 6.86074903 6.60894494 3.18913541 1.84001964 2.04360674 1.75469511 1.65067424 1.78600291 1.59639379 1.64283414 2.19167053 2.21431492 5.58031734 4.86952823 5.14301153 3.40677201 2.51054486 2.52443455 2.59581472 5.86198586 10.12728049 11.06174182 11.90380764 12.30583384 11.72594473 10.21833613 8.93018722 6.91075239 7.57341578 7.86179900 8.68685513 11.49770738 8.75740087 4.17791702 10.98067798 16.41243348 7.29940981 3.53102097 3.68095377 4.37383458
5.43127564 2.18566950 2.50158189 4.95985868 5.64594421 4.74316951 4.35830721 4.69288346 3.47042509 5.43483829 7.69876376 8.25243684 7.22388242 6.52288171 4.59366235 1.55637810 1.51962964 2.37188530 1.90244461 1.86558314 1.69184362 1.88688641 1.84457731 2.07027836 3.44036014 5.70432632 7.05193138 6.33120141 3.46042754 1.75574567 2.08845213 1.80318978 1.64218538 2.02130049 1.71165506 2.01106306 1.66964959 1.56502067 2.59372669 4.39667736 5.64052041 4.70365265 3.07878313 2.32257140 2.20184563 1.59122595 2.23601798 7.34053937 9.70154546 10.50014848 9.20163916 10.40083609 9.38599417 7.15550312 6.78817281 7.40619132 5.28579660 5.18388549 5.69270708 12.13884150 10.70323850 6.94849762 12.37001482 13.98725463 6.20217944 4.71700282 5.45622209 7.05789295
