GisToSWMM5_01/demo_catchment/out/SWMM_in/demo_catchment.asc
ncols        234
nrows        231
xllcorner    0.000000
yllcorner    0.000000
cellsize     1.000000
NODATA_value  -1
[rows 180 to 209 of 231, columns 136 to 203 of 234]
7.44569996 4.43321057 2.64524948 2.39865307 2.47889194 3.19601819 4.09394756 4.72258032 6.08901981 7.77993110 10.35275719 6.34311607 4.43089041 1.93644152 1.07603225 1.58551247 3.09429364 3.00146637 3.07091220 2.75028022 4.04881250 5.61531801 7.59563365 9.53075877 6.55450505 7.03019460 8.09417623 8.32157128 9.09277173 8.14324115 8.14653134 6.18173407 4.07056613 3.05679040 263.64849486 426.19793193 353.70221541 5.61299300 5.96433487 5.79366402 603.71839988 2049.82337285 1456.85505239 1459.93193344 1466.52511472 1477.34030922 1859.33809501 -1 -1 -1 -1 -1 -1 -1 -1 -1 -1 -1 -1 -1 -1 -1 -1 -1 -1 -1 -1 -1
4.18558743 2.83446704 3.40159719 2.55600906 2.54857775 3.50125469 6.09494854 6.39169416 5.26894497 5.42147039 7.20199979 6.60154735 2.70257937 1.07575245 1.24105080 3.44040084 2.28149816 4.41060688 4.68672174 4.93026908 6.62159091 7.82913498 6.85232384 6.54647928 6.24138164 8.28275164 6.78505143 6.84324088 10.03576175 9.75197524 8.39994026 6.83628368 4.60452681 3.17786129 3.63659035 4.22456652 4.31954425 4.73307582 5.28798565 5.33881733 271.19934678 649.73673898 915.01949234 917.21202114 926.34666123 935.76275981 759.42614050 369.10875180 5.08091976 9.31032447 7.71266500 11.69220277 21.44412044 19.68732920 9.31435555 12.78036015 17.90641715 11.86636311 15.43165608 17.39374119 10.57601979 15.04543548 20.20442319 24.56715357 19.19691349 638.46407893 2116.88106630 -1
7.52861109 3.86193894 3.35969774 5.27859828 4.73776956 7.20096645 8.56973183 7.88616610 6.34265996 5.78228362 4.54961156 4.31450540 3.22493643 2.75710958 3.01851639 4.28717027 4.94561900 6.70841714 7.72233749 7.36807791 8.66855238 8.06143902 7.62417305 6.59856282 7.84040822 14.39068139 6.97106847 4.55640808 8.37293914 10.84220983 6.46354555 4.67472743 3.97712005 3.38214772 3.20626472 2.69133686 3.56764944 5.79732902 5.91398685 6.83303419 8.36989916 6.96109512 6.07585118 9.24061825 16.69687826 15.68136084 9.35397839 8.71509089 9.05701715 9.95708013 11.37214327 12.28763422 19.82255200 21.25652595 12.78768750 16.14688642 20.62289504 17.37256232 17.57673699 19.34941931 17.49028008 15.32588188 31.21112648 32.66293860 22.60570714 294.44830629 916.99294936 1708.75999744
5.89757861 3.81828996 3.19518413 5.28775353 7.78819771 7.68751348 8.71763416 6.68392759 7.42115496 8.16030803 4.59548942 3.65541489 5.75445954 4.53063419 4.24899153 5.60584924 7.51170402 9.88278773 8.92160796 9.31950039 9.10527272 8.13551406 7.41683841 8.03185517 10.37284843 10.73397683 8.22266070 3.67029759 7.45821694 10.34990914 7.01783046 3.62408035 3.25158422 1.74144719 1.60281147 2.70992928 4.99240447 7.16563628 7.08388996 7.72582819 9.25353703 5.75593451 5.96081628 9.33184069 15.54586248 15.26850390 13.70441468 13.41450591 10.74903744 10.15594277 11.17841563 9.64177667 17.35397025 19.23754387 13.73506436 23.76947113 28.69498239 29.79216545 30.12788944 39.23602656 44.28988596 37.98410344 49.59183484 28.49199477 10.64457645 20.57374872 303.15747579 930.66402122
8.30906129 5.15891397 4.53264083 5.28633401 6.29458892 10.14938622 5.84211773 5.62033215 5.64757201 3.80395863 7.77664302 4.24064650 5.44332715 4.03965026 3.16950840 5.07748081 6.53310439 7.38055506 6.63098738 7.45064267 9.29820488 9.04680347 7.29884820 6.15922653 7.85993785 16.15750066 9.48730906 6.44095872 5.82338271 8.77546076 8.78187233 6.40575965 3.48238945 1.47903460 1.67320562 3.58431452 5.39808895 5.34861437 5.92653667 9.40419178 9.00806436 7.49788751 6.87857680 9.01238825 14.77720608 16.85397654 20.28445825 17.71520302 13.13660992 13.59440142 11.65305499 6.88255847 17.81034957 19.26301210 12.90917416 24.27668788 42.37354353 44.51592551 43.58635035 51.16340828 50.44405103 46.06674297 33.68988245 23.97602874 14.81413907 20.93178046 37.90993852 316.10527032
6.70455748 6.17338119 4.70150218 4.26213343 6.13202737 6.46854458 4.89635269 5.18601910 5.41525198 5.05673217 3.95629874 3.14138564 4.97475337 3.26967782 4.13818977 4.77550491 4.33558441 5.95405022 3.96104130 5.15226418 8.34890031 10.18804394 10.18448217 5.67325761 8.58420611 11.41348110 11.44183808 8.72297867 8.60816565 7.29452466 7.53352908 6.93062750 4.20026185 2.55388156 2.99021609 4.49325994 5.94875453 4.95011833 10.33863626 8.90048136 6.71240456 5.28566673 5.25174212 7.79240825 10.09895634 18.71295582 25.59233586 18.38935579 14.50188583 13.93885321 21.48258273 27.66242157 41.79440062 37.54799441 8.92777092 17.34689481 50.64186073 58.96042363 42.07864582 40.81099658 61.42407525 73.50666503 51.99372064 43.22795938 40.42393664 43.78915955 37.29400179 46.15054764
3.93139378 3.68751818 3.51628122 3.72054382 4.12465305 3.41651360 2.73924033 3.39094188 11.21376055 6.52764077 3.65301545 2.24098654 4.19943642 3.80473638 4.97828266 4.34937010 5.12225390 6.45928619 5.99294217 5.96309248 6.34170389 6.40269459 7.38767120 8.56145947 8.71649443 7.92801097 7.14550558 6.35383794 9.68505705 9.31413902 7.24648522 6.46607485 5.07058116 3.71382658 3.60991872 4.61729974 6.71126483 7.66333781 7.79134206 8.80773373 5.39394783 5.89014031 6.46436363 5.85552546 9.10968615 21.99153107 37.98788309 27.71770614 14.18228180 20.08373642 45.80230057 54.80240448 80.14550523 52.64927327 13.38104025 10.24620091 46.24864237 71.27664695 44.31332531 51.12575934 80.42488581 66.88033069 55.47171162 50.23441346 53.10593100 58.48299865 50.13118373 56.89771002
1.45003010 1.83109727 3.10145912 3.41118595 4.67651592 3.17431514 2.63919989 2.46853153 4.77983832 11.25736883 6.02222936 2.54781598 3.80911086 5.05051376 4.53321030 4.32395732 4.57382008 6.03255517 6.21816989 4.82561429 5.06993938 4.73772187 7.07187181 8.67269350 7.13316615 7.18984516 7.69621062 5.50817540 9.05541232 10.13991947 7.15158801 6.03714490 5.72637449 5.01539310 4.07804425 5.83574686 7.04434925 7.85952819 9.19085399 9.13479902 9.78798578 11.52134478 11.20101932 11.99632263 19.40636504 32.87853898 42.33664152 46.22383204 44.55947799 48.90515573 51.15467737 28.58942812 45.46227601 71.51508939 25.87686153 9.38160619 35.39913755 66.17897788 53.39309536 59.47279886 49.04539665 21.12307442 15.97845769 12.92046390 14.66009049 24.65327818 51.49867203 57.64394711
1.51177268 2.55976349 3.57051399 3.48957013 3.13809545 4.70328369 4.50587306 3.66448884 4.19322500 5.39781614 6.30762769 3.70338079 3.41359237 4.85470920 3.69392887 3.97720921 5.24652659 5.89128702 6.03348575 4.69710511 5.68235743 8.25802133 8.59222251 6.22489323 4.62523599 5.39041854 6.88222897 6.14146243 8.90678805 9.78829930 7.00954211 6.55179995 6.20466602 5.28523411 5.65317335 5.78215665 7.41319611 10.29884570 11.66087823 12.43554554 13.25246616 15.08874524 11.66400861 20.48879237 27.69971618 17.38224133 26.52763913 43.70028861 46.72299205 43.91792609 27.15362296 9.87640123 22.70374157 62.07711770 51.06136834 28.62164477 48.09274505 57.68277596 48.95617221 60.22563361 27.87515653 9.91949636 4.22340993 4.40750898 4.02860214 5.83812944 15.38331816 39.58347276
1.86713951 2.62491538 2.85356316 3.52011581 3.26625166 4.24711388 4.76838877 2.66290058 1.96307332 3.73331675 6.19409124 4.21135232 4.20238149 4.66196846 4.10071036 3.85541436 4.38735444 5.32662862 6.24837081 5.96538879 7.69803282 10.17835903 7.73266242 4.03569444 5.00528342 7.86178178 7.83214248 6.63682084 8.71867774 10.46939242 7.87949944 7.18136416 5.67776682 4.74824819 5.85758878 5.99205054 8.38909965 11.02011432 11.69498815 11.97884784 12.64791904 11.54622791 13.76872516 23.34501056 35.68988054 15.62363773 7.58761062 15.96363830 26.33704172 33.49438267 41.34612832 40.04630923 32.81730169 41.83414282 54.60578881 52.83192679 49.54578331 40.01021191 55.47119784 48.33568159 21.56531595 8.88732260 5.89261040 6.73634026 5.26428294 6.20057635 7.81565407 12.11253221
1.56021269 1.99138061 2.75624965 4.61501331 2.85930048 2.87962471 4.11171167 2.50640461 2.43904470 4.21104790 5.98238337 4.62547596 3.65272578 5.37298270 4.29942917 4.12373970 4.30036761 3.39299532 3.61857603 8.52184435 5.17092602 5.23436296 3.67286635 3.11330060 6.78942466 7.53614466 8.07303442 7.49814346 9.43030091 12.01005950 9.28827100 7.31595491 4.40186905 4.59594180 6.39281615 7.24248095 9.85404616 12.09513583 12.60976703 12.07212336 9.92244143 10.71659767 14.38309150 24.41108633 40.14812309 35.54768145 12.73993846 14.80909272 39.45058300 61.34529814 64.25391324 58.09660454 58.91855341 42.96151184 29.89243102 29.22432748 39.68146912 48.53181601 57.45104728 42.90581259 17.79276840 7.71761826 5.80537662 5.27788208 5.25200009 4.31295689 3.22538592 3.23514225
1.44584217 2.22113528 4.38836518 3.24859068 2.23593869 2.80919110 4.16261566 2.33171678 2.83871129 3.09118099 3.75314505 4.14380709 3.98416554 3.95741463 3.70118962 4.90416693 5.61541415 2.88058689 4.18065170 4.28707288 5.59283344 5.44887994 6.44915180 3.31712193 3.56592338 5.24205721 6.67631386 6.23108867 10.17730970 13.72310326 10.72034434 6.36213327 4.04623762 5.20467396 6.89421630 9.13509770 11.07770182 12.70371805 12.95397973 11.84007527 10.70490613 10.42307780 9.80721099 11.03380299 29.58855239 44.95959246 27.54009795 39.79360130 61.63301626 47.92626767 24.44645545 19.73729972 36.63248474 57.30731690 45.70255715 36.94679468 45.05716943 53.16770709 43.02317541 18.67081516 10.06048342 4.30668216 3.76643977 3.98263921 4.75204419 5.01469376 4.06702687 3.33248571
1.77014030 3.15955853 3.84049096 2.12933473 3.95941139 5.20528491 6.63207740 6.78578237 5.23335310 3.18424038 2.97671920 3.72228462 3.71018429 2.99670731 3.34908138 5.02021582 4.63461560 4.29701287 5.56018539 6.41259475 7.09461845 6.43538209 9.20115807 4.42953455 3.67670218 6.58868525 5.83853212 5.91259153 11.77289901 15.54432995 11.04864673 4.65228356 3.51803888 5.04583688 7.07008943 10.49775515 11.94846074 13.18992033 13.74116402 11.74347584 11.00641692 9.71122251 8.19763460 6.01943625 16.09340632 45.52242240 43.13247758 50.98454989 47.33045176 14.31346935 6.23404073 6.45004255 13.13580781 30.62727457 51.45225603 52.81164951 40.39655057 29.25833050 11.88204826 3.76276665 4.60377290 4.57776891 3.37081816 4.01084704 5.21851597 5.81887351 6.29514930 6.08595387
1.37076338 3.89490826 3.89827774 4.33066467 3.47040212 5.59574732 10.56132770 7.70845602 5.98575983 3.41069700 3.40093855 4.07075755 2.58616928 2.67825950 3.22003442 4.30123452 5.82754767 6.77648204 4.58795498 7.21015253 6.22885768 7.96942234 8.00752754 8.51576402 6.76267375 4.82299872 6.89128731 8.54959125 15.84012726 15.87600271 7.74591943 3.57650726 4.11817905 4.61878459 7.16279759 11.61564127 13.43891531 15.06553349 14.62042043 13.19020178 10.54503246 9.00563120 8.78111057 5.69269022 13.89271764 44.93386863 51.60507134 50.01374226 39.58257539 7.39262291 5.69737697 6.49411630 6.24296387 6.59845679 19.53314765 23.79899008 20.23745375 15.54750016 8.65218396 6.16367130 7.78417746 5.18638108 3.54555156 4.67881921 6.03457578 3.66491738 4.09745301 5.76571469
1.88237721 3.23795136 4.36628328 5.73666172 4.08160602 4.44941742 6.09643426 5.61793358 5.10931251 2.81309023 3.17921715 3.38944917 2.94325307 4.41312631 3.68912999 4.90230614 5.26702750 6.76842669 7.63551947 5.84720629 5.11865919 4.84325841 7.29094480 7.94301655 7.71649539 7.95830193 10.12803439 14.70285823 17.48617893 11.68160427 4.57593807 4.13164222 5.10575727 4.03319188 8.89116454 16.19498829 18.01934624 14.61517294 18.28232619 18.12511526 9.21887160 8.92253853 9.23176741 7.20625464 20.64033001 43.96848444 36.20637341 50.80623771 38.26334092 5.26918696 4.86805937 5.93500169 6.35789688 5.62785883 5.09856009 8.81077160 7.54974467 7.87539080 7.85686291 6.60338641 6.16876187 3.83576139 3.60653528 6.51998432 6.25013845 2.43958335 3.92523904 6.56743743
3.86766840 3.23369112 4.93046059 7.15512516 6.62947869 3.64780080 5.69724012 4.87636545 3.66092584 3.56191424 3.34036739 2.54146073 3.66357425 6.40659284 5.79326232 5.27675223 5.29016896 5.33653002 4.82361753 2.98341957 2.28343250 3.28907060 4.76769766 5.85523004 7.96573935 10.86719610 14.24353420 18.04317592 14.07601971 6.65638243 3.63277138 4.27202661 5.11902815 5.57295258 14.66602061 21.52443263 19.79055970 24.62033146 36.84971271 50.64416976 27.60778815 15.51331742 10.86707735 18.00515125 36.45814341 43.91582258 53.49605041 58.17331950 30.76307745 5.04129396 4.98154901 4.46372376 6.54399357 6.67016698 4.46167844 2.20533500 3.46675684 4.84027388 6.55172066 6.03505898 4.07966383 1.59564976 1.86370549 3.69716238 3.93343124 4.33013801 5.65495574 7.16124908
4.44175487 4.13931475 4.26578560 7.27494534 5.92268522 3.56395046 3.92901818 3.07319864 4.04139106 4.76965547 4.45943969 3.49095760 6.81759598 6.42322710 6.76152704 5.86306026 6.13704151 7.91798958 7.59524783 6.66083619 7.23302904 9.49569480 11.15706468 11.57589106 10.97755536 12.22089260 14.45698375 13.72702499 9.66465230 5.97110924 3.36574646 3.12166947 4.65642380 9.37296326 16.47878229 20.48272679 34.17504978 35.26106287 44.23830073 51.70830385 63.36772274 38.20588116 31.25633298 43.46164291 42.52394786 43.54205132 56.74007323 53.72413259 18.88541179 5.35378919 5.41982573 3.40692484 5.50962864 6.87392464 6.25533500 3.22083679 3.08969605 3.29704754 6.17967975 7.09379224 3.23985973 1.41770168 1.73172246 2.11160145 2.11699442 4.01783994 6.12598642 3.94025160
5.06959426 3.79003734 4.03254022 6.25541630 6.47700960 6.71453817 3.15244239 3.25828459 5.36812626 6.49025664 4.31363151 4.84093950 5.98828913 8.25896178 7.01117079 5.96225841 8.83540788 11.45079205 14.10830866 16.61555634 15.69079590 15.20757852 15.21524981 13.22599417 11.34639524 11.62906462 10.31147568 8.44115034 5.58515692 3.87636641 3.97969616 5.36387590 6.98892908 9.04226142 17.13776305 27.79304089 32.97979108 32.89715401 20.39200965 19.70378477 47.41495676 68.29239993 56.80691323 49.84921907 57.90899881 49.14643650 54.72765446 30.21421835 8.37528262 4.01453702 4.52437632 2.56067110 3.89037521 5.75256503 6.37858309 6.55470432 6.33048733 5.00936822 9.72869896 6.75964039 2.97671221 2.35694504 2.00829755 2.15135342 2.74112496 5.00448794 3.84411640 2.47597071
4.63713503 3.74658065 4.47611377 4.89230771 6.65696753 4.05336328 2.69755614 2.11735351 4.46763189 5.34355865 4.45572509 6.17895869 8.62194234 11.13750221 11.16919584 9.80894481 9.77940864 12.01775375 15.31806764 17.21052168 17.50670518 16.07391740 14.26428408 12.15563469 10.28105776 8.86629127 7.54918342 5.92881700 3.39642934 2.59883908 5.41602973 7.16553315 7.24637222 7.17565105 13.22132515 26.96525022 28.56139329 23.57549401 15.21705639 5.74138742 17.26229331 33.78395309 43.95352856 60.03112823 50.83318509 48.46037232 28.33643874 11.34325700 2.87412773 2.74869224 2.51308114 2.25136004 3.98269755 3.24200331 5.13295854 8.34930009 10.50965506 8.10894183 5.83859744 3.93613432 3.11976885 3.99343302 2.27185396 1.98945615 2.98078103 4.73165340 3.75153810 3.72352049
4.18675100 3.86092732 4.45200139 4.01058819 4.62736959 4.18132720 2.22611781 3.77689544 5.59734352 5.79064551 5.71551991 8.31142090 11.67375719 11.23244013 9.66465230 8.27622096 9.22132860 12.77087745 15.81440307 12.79721094 12.27753390 11.58898651 10.27203847 9.22993947 7.81700993 6.83176749 6.34080616 5.13940906 4.30042429 5.52085219 7.33449065 6.45783207 6.09874366 8.90817473 12.95972605 19.51550441 25.51446447 26.92040432 25.52561535 12.39133531 3.60578748 13.94862139 42.46311971 60.79029806 45.37018645 21.49470654 12.77162272 9.15576705 4.00059064 2.91319511 2.45018197 3.47267170 3.88957973 4.12577017 6.12894545 8.00800863 10.47321102 9.76444454 6.10857851 3.80688809 4.48494563 4.34607293 3.38441119 1.91893503 3.01373427 3.60979873 3.01748879 2.34936090
4.23748529 4.59529015 4.71880118 4.38294138 4.00997025 5.07175171 4.75035883 6.05692350 6.35618768 6.59333131 7.46269454 9.08681714 9.09757847 7.39489336 5.62627861 5.95141081 7.12088827 11.84344475 10.88868390 7.38382963 5.30154621 5.78501256 6.30991412 6.12832752 5.66206402 6.18653994 6.71205246 7.55617958 10.32402550 12.35093432 11.67163956 9.87945807 9.99422139 11.01691329 11.81630802 15.08101152 21.51128210 27.10260974 40.75765260 27.35457239 17.68207323 46.92337138 64.63741011 41.40651308 16.55145450 7.30742658 8.97486205 9.61828223 6.77020819 4.48981691 4.07060596 3.89815775 3.98898826 4.93613337 3.71653256 5.20395289 6.70622598 7.89745584 9.51644555 6.57690708 5.99059031 5.86912584 4.87998602 1.68010439 2.13223910 3.52167130 2.46705532 1.43147837
4.60604248 5.39466191 5.23711538 4.64813633 5.34093408 7.38966185 8.31139706 6.90457381 6.18803177 6.35189373 7.57405756 8.66573629 7.19928109 4.92173263 5.40066506 6.75928741 8.31572184 10.11223710 9.51518496 5.34795573 3.45033385 3.52081427 4.16668360 4.66932660 5.60673999 7.51675886 10.15497185 15.18712618 19.40922995 19.50521144 18.47226604 15.98688412 14.16998096 13.66643035 13.14273181 13.10234018 14.64928323 15.28282585 37.61566660 36.79665236 42.61407437 71.01663395 35.14868322 12.91905296 4.43325039 5.17201030 7.40559801 7.31484890 6.60206914 7.01796730 7.06529142 4.81929887 2.51459682 2.19908710 1.97231697 2.80476118 3.79332055 4.88920283 5.54644941 8.56896231 8.19893502 7.13183987 7.74697078 3.14096610 3.56963022 3.26818475 2.98556094 1.74760814
5.78876786 6.14314655 5.48979336 5.47643331 7.09761984 8.45077769 8.09338162 6.92950463 6.04574677 7.49099484 8.48365174 7.14484083 6.73375551 6.23353580 7.49927332 9.62702994 8.33287788 9.70658546 8.55766434 4.83613363 2.90020402 3.26730310 4.23171638 5.62669526 7.12080898 11.65852151 18.49020646 21.36264184 21.67453512 18.76676382 15.13681752 13.03396177 11.56388025 12.19549755 11.59157824 9.30566701 7.38086770 12.64545717 31.46196751 37.56741191 55.94161917 59.79368867 14.39265678 6.03110317 4.11152925 6.18985397 8.38970072 4.71810396 3.95812871 5.96391992 8.19134389 7.17072483 4.27078375 3.00526149 2.09785558 2.91246793 3.97942422 2.91264947 3.63803449 6.77999747 9.29300419 7.27006717 4.34603921 5.10740192 4.95537533 2.59798692 3.97166331 3.06280627
7.47161768 6.25975794 4.98295255 5.52336463 7.25204587 7.38274535 6.65357420 5.92426622 7.22152280 10.13382803 9.52155583 9.28598456 7.86874799 7.72642927 9.48963009 8.87393872 7.46042409 5.94027266 6.87508733 4.18538614 3.44884202 4.13860843 5.14504900 6.00681412 9.05300502 16.57824627 18.41946108 15.99106383 16.54107776 21.67775214 17.65882843 13.62079159 6.54725004 8.01559975 6.99858151 5.57763810 10.08165683 21.65656151 39.60892414 33.76080413 61.61348844 57.26906881 13.99050412 6.58664779 5.00306065 7.42695595 8.49958789 3.65742939 5.55311606 4.27747714 6.76732679 8.03464741 7.13475412 5.51298126 3.75795091 3.48230029 2.61636409 2.01524888 3.55063102 4.91381237 7.98046223 6.92549213 4.51421120 4.50713190 5.89736946 3.19533994 3.26194374 4.78675308
10.33760866 6.92582862 6.02343276 5.58536519 6.62186372 7.21229602 6.77590481 6.77036102 9.24918640 10.03520712 8.39500454 8.73564724 8.73202879 9.11336878 8.26307006 7.82650255 4.78181248 5.63486362 5.79891911 4.63138296 4.61867246 4.95515020 4.86107020 5.01190363 12.18792328 17.55806491 9.87700195 8.57708009 18.54473552 38.89206909 37.63825307 20.82189329 11.36344526 7.34732027 10.45743706 18.21057654 40.31968940 49.04719139 39.39565053 33.92426652 74.32712155 47.56422518 13.04690315 7.20878069 4.27413849 6.77363436 8.86493417 7.95972145 3.17960297 3.53685355 4.25702392 6.49218197 7.28376333 6.98298349 5.69532265 5.40011943 3.85296724 2.82179025 2.12562500 3.19710248 5.86917430 6.69295422 4.84489618 4.37244500 6.51342980 3.37706340 1.49005277 2.37400494
11.11485172 11.57358776 10.13628990 8.58387661 8.08490874 8.24263283 5.96442573 7.46935421 8.81476237 6.77479792 6.67007860 6.52360278 7.35349187 7.57339892 6.60824772 5.37422555 5.87866692 7.32442778 6.06696175 5.11515374 5.33836785 4.13632897 3.21451448 4.65140966 14.63745447 14.97048345 5.44351282 11.23633176 27.46839764 40.83442337 30.56283650 15.88989815 16.66358554 18.42848145 33.26020723 52.81813375 56.37449360 46.55469355 48.26314706 59.56525644 60.21844134 31.06989153 10.06238368 6.36810358 4.12549736 5.56251253 10.24741294 7.67689800 5.16150694 2.55084034 2.86662577 5.06110540 5.51267684 6.42449379 7.03285000 7.98195494 6.50177275 2.73517849 2.07504362 1.86886635 5.67867930 6.76630906 5.45404002 3.78860095 4.89336779 5.43951429 2.15292443 2.77667903
7.52415645 11.30291269 11.27230909 9.85004065 10.08364712 10.00391530 5.42608396 7.82996119 8.38556948 6.76382046 6.64687383 5.34282161 5.41327818 6.29639427 5.14735229 4.75729132 6.29104976 6.32479072 5.04456729 4.90480172 4.06043174 3.17269344 2.19809033 6.37807728 12.03010305 12.17303071 6.82887010 11.81309799 30.44056046 21.58324974 23.57821633 27.23365485 44.21195860 61.50154586 62.22369789 46.73064735 34.18180683 35.19163410 58.02227909 62.46026216 26.18592885 9.41495922 5.58512320 3.03596821 3.14436930 4.49670994 6.17224146 7.17789730 6.55344548 3.95933210 4.46391729 5.80847415 4.08294626 4.64921850 5.78837505 8.73352062 7.60026284 4.42652007 2.60540059 1.91680551 3.19312980 6.69813691 7.32841731 4.11731214 3.62014838 4.82147405 3.50089060 4.23996402
5.46612225 6.75242723 7.29200524 8.39733167 10.30934818 10.94950403 6.64587995 6.93955064 8.91656046 8.13663118 7.73441232 5.26880900 5.34586981 6.14361290 5.19533505 4.90817120 5.18336370 4.61360976 3.88936447 3.97419183 3.23181347 2.61735797 2.61524820 5.81393865 8.74668837 10.38886475 10.68937265 16.10684813 19.94816416 20.66613436 35.20428720 53.20598881 48.40471937 48.04613553 48.71964586 50.42243563 43.80084996 47.42430503 50.78677030 33.93359695 6.75968922 3.42094150 6.19492655 2.24423402 2.01647988 2.87670260 3.38594983 3.74784036 6.54697723 6.12931442 6.04776126 6.26193224 2.50321957 4.14905422 4.36620275 6.77501406 7.45641283 6.60230911 5.52429608 2.45409010 1.61864248 4.49833163 7.94604178 5.79554752 3.71005732 3.91073228 4.11234357 4.24179321
4.88506258 4.76264282 5.86505004 8.87079349 10.04973073 9.66336874 8.74643241 6.75765874 8.10465574 8.40223456 10.22660762 6.43972285 4.64507825 5.88413142 5.04646180 4.01432663 4.63827475 4.49899725 3.58998729 3.30222935 3.14225954 2.44146100 2.57634840 4.71696423 5.30412108 7.20392714 12.04583755 19.43244082 30.65472482 42.88313552 49.69285157 33.35134289 27.00295347 44.76452531 67.43667669 69.59402939 53.92286847 44.01071302 39.50128632 23.99716284 8.43250865 4.59635059 4.33490892 3.93047142 2.51385889 3.41587182 3.66573170 2.79261316 5.74572083 7.00357268 7.33428150 5.15496726 2.26964593 3.79148148 3.89414649 4.69303717 6.53635476 8.17102178 6.37491406 3.48404197 1.63972351 2.64008077 5.08615621 5.70277082 5.77779738 5.37954012 5.24647115 4.71378704
3.09679621 3.74328347 7.09765268 10.04353617 8.51975842 8.56907356 10.25293412 7.56812795 7.24554601 7.63038447 10.34465415 7.66510333 4.46236092 4.16803946 5.34205084 4.42296317 4.99648927 4.89778007 3.56400714 3.53936600 3.26812931 1.85521663 2.74501623 3.97417497 1.96053704 4.27282121 8.68836382 22.30020108 46.57741649 53.08488384 35.88616779 40.89299849 58.08237650 62.27956631 46.83683431 27.92361412 19.92159768 22.26614660 19.61758432 13.49565188 9.59124165 6.65005190 5.68308547 4.55583085 3.44923482 3.83870946 4.71770216 2.92012847 5.58521935 6.85676074 6.92188268 6.57665025 4.56855610 4.31954425 3.53630792 2.57268925 5.84324060 8.31977379 6.51324040 4.89638439 3.92295958 3.83133658 2.13568010 2.43898925 4.01985857 6.39875274 5.57734842 5.02653823
