GisToSWMM5_01/demo_catchment/out/SWMM_in/demo_catchment.asc
ncols        234
nrows        231
xllcorner    0.000000
yllcorner    0.000000
cellsize     1.000000
NODATA_value  -1
[rows 0 to 29 of 231, columns 68 to 135 of 234]
-1 -1 -1 -1 -1 -1 -1 -1 -1 -1 -1 -1 -1 -1 -1 -1 -1 -1 -1 -1 -1 -1 -1 -1 -1 -1 -1 -1 -1 -1 -1 -1 -1 -1 -1 -1 -1 -1 -1 -1 -1 -1 -1 -1 -1 -1 -1 -1 -1 -1 -1 -1 -1 -1 -1 -1 5.00000000 5.00000000 -1 -1 -1 -1 -1 -1 -1 -1 -1 -1
-1 -1 -1 -1 -1 -1 -1 -1 -1 -1 -1 -1 -1 -1 -1 -1 -1 -1 -1 -1 -1 -1 -1 -1 -1 -1 -1 -1 -1 -1 -1 -1 -1 -1 -1 -1 -1 -1 -1 -1 -1 -1 -1 -1 -1 -1 -1 -1 -1 -1 -1 5.00000000 5.00000000 5.00000000 5.00000000 5.00000000 5.00000000 5.00000000 -1 -1 -1 -1 -1 -1 -1 -1 -1 -1
-1 -1 -1 -1 -1 -1 -1 -1 -1 -1 -1 -1 -1 -1 -1 -1 -1 -1 -1 -1 -1 -1 -1 -1 -1 -1 -1 -1 -1 -1 -1 -1 -1 -1 -1 -1 -1 -1 -1 -1 -1 -1 -1 -1 -1 -1 5.00000000 5.00000000 5.00000000 5.00000000 5.00000000 5.00000000 5.00000000 5.00000000 5.00000000 5.00000000 5.00000000 5.00000000 -1 -1 -1 -1 -1 -1 -1 -1 -1 -1
-1 -1 -1 -1 -1 -1 -1 -1 -1 -1 -1 -1 -1 -1 -1 -1 -1 -1 -1 -1 -1 -1 -1 -1 -1 -1 -1 -1 -1 -1 -1 -1 -1 -1 -1 -1 -1 -1 -1 -1 -1 5.00000000 5.00000000 5.00000000 5.00000000 5.00000000 5.00000000 5.00000000 5.00000000 5.00000000 5.00000000 5.00000000 5.00000000 5.00000000 5.00000000 5.00000000 5.00000000 5.00000000 -1 -1 -1 -1 -1 -1 -1 -1 -1 -1
-1 -1 -1 -1 -1 -1 -1 -1 -1 -1 -1 -1 -1 -1 -1 -1 -1 -1 -1 -1 -1 -1 -1 -1 -1 -1 -1 -1 -1 -1 -1 -1 -1 -1 -1 -1 5.00000000 5.00000000 5.00000000 5.00000000 5.00000000 5.00000000 5.00000000 5.00000000 5.00000000 5.00000000 5.00000000 5.00000000 5.00000000 5.00000000 5.00000000 5.00000000 5.00000000 5.00000000 5.00000000 5.00000000 5.00000000 5.00000000 -1 -1 -1 -1 -1 -1 -1 -1 -1 -1
-1 -1 -1 -1 -1 -1 -1 -1 -1 -1 -1 -1 -1 -1 -1 -1 -1 -1 -1 -1 -1 -1 -1 -1 -1 -1 -1 -1 -1 -1 -1 -1 -1 -1 -1 5.00000000 5.00000000 5.00000000 5.00000000 5.00000000 5.00000000 5.00000000 5.00000000 5.00000000 5.00000000 5.00000000 5.00000000 5.00000000 5.00000000 5.00000000 5.00000000 5.00000000 5.00000000 5.00000000 5.00000000 5.00000000 5.00000000 5.00000000 5.00000000 -1 -1 -1 -1 -1 -1 -1 -1 -1
-1 -1 -1 -1 -1 -1 -1 -1 -1 -1 -1 -1 -1 -1 -1 -1 -1 -1 -1 -1 -1 -1 -1 -1 -1 -1 -1 -1 -1 -1 5.00000000 5.00000000 5.00000000 5.00000000 5.00000000 5.00000000 5.00000000 5.00000000 5.00000000 5.00000000 5.00000000 5.00000000 5.00000000 5.00000000 5.00000000 5.00000000 5.00000000 5.00000000 5.00000000 5.00000000 5.00000000 5.00000000 5.00000000 5.00000000 5.00000000 5.00000000 5.00000000 5.00000000 5.00000000 -1 -1 -1 -1 -1 -1 -1 -1 -1
-1 -1 -1 -1 -1 -1 -1 -1 -1 -1 -1 -1 -1 -1 -1 -1 -1 -1 -1 -1 -1 -1 -1 -1 -1 5.00000000 5.00000000 5.00000000 5.00000000 5.00000000 5.00000000 5.00000000 5.00000000 5.00000000 5.00000000 5.00000000 5.00000000 5.00000000 5.00000000 5.00000000 5.00000000 5.00000000 5.00000000 5.00000000 5.00000000 5.00000000 5.00000000 5.00000000 5.00000000 5.00000000 5.00000000 5.00000000 5.00000000 5.00000000 5.00000000 5.00000000 5.00000000 5.00000000 5.00000000 -1 -1 -1 -1 -1 -1 -1 -1 -1
-1 -1 -1 -1 -1 -1 -1 -1 -1 -1 -1 -1 -1 -1 -1 -1 -1 -1 -1 5.00000000 5.00000000 5.00000000 5.00000000 5.00000000 5.00000000 5.00000000 5.00000000 5.00000000 5.00000000 5.00000000 5.00000000 5.00000000 5.00000000 5.00000000 5.00000000 5.00000000 5.00000000 5.00000000 5.00000000 5.00000000 5.00000000 5.00000000 5.00000000 5.00000000 5.00000000 5.00000000 5.00000000 5.00000000 5.00000000 5.00000000 5.00000000 5.00000000 5.00000000 5.00000000 5.00000000 5.00000000 5.00000000 5.00000000 5.00000000 -1 -1 -1 -1 -1 -1 -1 -1 -1
-1 -1 -1 -1 -1 -1 -1 -1 -1 -1 -1 -1 -1 -1 5.00000000 5.00000000 5.00000000 5.00000000 5.00000000 5.00000000 5.00000000 5.00000000 5.00000000 5.00000000 5.00000000 5.00000000 5.00000000 5.00000000 5.00000000 5.00000000 5.00000000 5.00000000 5.00000000 5.00000000 5.00000000 5.00000000 5.00000000 5.00000000 5.00000000 5.00000000 5.00000000 5.00000000 5.00000000 5.00000000 5.00000000 5.00000000 5.00000000 5.00000000 5.00000000 5.00000000 5.00000000 5.00000000 5.00000000 5.00000000 5.00000000 5.00000000 5.00000000 5.00000000 5.00000000 -1 -1 -1 -1 -1 -1 -1 -1 -1
-1 -1 -1 -1 -1 -1 -1 -1 -1 -1 -1 1.86823243 5.00000000 5.00000000 5.00000000 5.00000000 5.00000000 5.00000000 5.00000000 5.00000000 5.00000000 5.00000000 5.00000000 5.00000000 5.00000000 5.00000000 5.00000000 5.00000000 5.00000000 5.00000000 5.00000000 5.00000000 5.00000000 5.00000000 5.00000000 5.00000000 5.00000000 5.00000000 5.00000000 5.00000000 5.00000000 5.00000000 5.00000000 5.00000000 5.00000000 5.00000000 5.00000000 5.00000000 5.00000000 5.00000000 5.00000000 5.00000000 5.00000000 5.00000000 5.00000000 5.00000000 5.00000000 5.00000000 5.00000000 5.00000000 -1 -1 -1 -1 -1 -1 -1 -1
-1 -1 -1 -1 -1 -1 -1 -1 -1 1.52904784 1.62865111 1.99495924 5.00000000 5.00000000 5.00000000 5.00000000 5.00000000 5.00000000 5.00000000 5.00000000 5.00000000 5.00000000 5.00000000 5.00000000 5.00000000 5.00000000 5.00000000 5.00000000 5.00000000 5.00000000 5.00000000 5.00000000 5.00000000 5.00000000 5.00000000 5.00000000 5.00000000 5.00000000 5.00000000 5.00000000 5.00000000 5.00000000 5.00000000 5.00000000 5.00000000 5.00000000 5.00000000 5.00000000 5.00000000 5.00000000 5.00000000 5.00000000 5.00000000 5.00000000 5.00000000 5.00000000 5.00000000 5.00000000 5.00000000 5.00000000 -1 -1 -1 -1 -1 -1 -1 -1
-1 -1 -1 -1 -1 -1 -1 3.15812215 2.36013279 2.68183128 2.63554772 1.65498388 5.00000000 5.00000000 5.00000000 5.00000000 5.00000000 5.00000000 5.00000000 5.00000000 5.00000000 5.00000000 5.00000000 5.00000000 5.00000000 5.00000000 5.00000000 5.00000000 5.00000000 5.00000000 5.00000000 5.00000000 5.00000000 5.00000000 5.00000000 5.00000000 5.00000000 5.00000000 5.00000000 5.00000000 5.00000000 5.00000000 5.00000000 5.00000000 5.00000000 5.00000000 5.00000000 5.00000000 5.00000000 5.00000000 0.39667535 5.00000000 5.00000000 5.00000000 0.87735704 0.61560028 1.06422739 1.34913027 1.51048993 562.61736635 1917.95870724 1199.48467185 -1 -1 -1 -1 -1 -1
-1 -1 -1 -1 -1 1.91682449 2.81824983 2.77924502 2.70776196 3.18310842 1.77718579 1.73200082 5.00000000 5.00000000 5.00000000 5.00000000 5.00000000 5.00000000 5.00000000 5.00000000 5.00000000 5.00000000 5.00000000 5.00000000 5.00000000 5.00000000 5.00000000 5.00000000 5.00000000 5.00000000 5.00000000 5.00000000 5.00000000 5.00000000 5.00000000 5.00000000 5.00000000 5.00000000 5.00000000 5.00000000 5.00000000 5.00000000 5.00000000 5.00000000 5.00000000 0.18844767 0.32144016 0.42142337 0.42976821 0.19430520 0.36580959 0.66817908 0.26732776 0.49264221 0.73924499 1.07515836 1.08617652 1.36507375 1.37365177 250.40210105 600.71470929 1089.34140925 1600.86434720 1202.67180925 -1 -1 -1 -1
-1 -1 -1 2396.50524942 468.91439320 1.35974612 3.07743591 5.14258713 1.61023291 1.22087040 1.15169039 2.10092213 5.00000000 5.00000000 5.00000000 5.00000000 5.00000000 5.00000000 5.00000000 5.00000000 5.00000000 5.00000000 5.00000000 5.00000000 5.00000000 5.00000000 5.00000000 5.00000000 5.00000000 5.00000000 5.00000000 5.00000000 5.00000000 5.00000000 5.00000000 5.00000000 5.00000000 5.00000000 5.00000000 5.00000000 0.51817735 0.74525046 0.96180330 0.55208922 0.18939453 0.25158206 0.31340983 0.46788432 0.37010657 0.37617215 0.49229335 0.47403828 0.47250575 0.81696044 1.40437535 1.83088900 2.10185287 1.56658480 1.27352217 1.54221647 2.54043313 250.01344275 602.19606492 1097.50307012 1604.84111807 1703.83352115 -1 -1
-1 2399.40142698 801.09316915 403.14535052 250.15134142 1.31206987 2.62822243 2.52931272 1.87409662 1.08799661 1.67721688 2.33698225 2.75897040 2.92207743 1.77984903 0.64143186 5.00000000 5.00000000 5.00000000 5.00000000 5.00000000 5.00000000 5.00000000 5.00000000 5.00000000 5.00000000 5.00000000 5.00000000 5.00000000 5.00000000 5.00000000 5.00000000 5.00000000 5.00000000 5.00000000 5.00000000 5.00000000 5.00000000 1.54953740 1.34040381 0.77199858 0.66303934 1.11629691 1.12499405 0.72800757 0.86446123 0.72552885 1.08184187 1.08310159 1.08461028 1.20983827 1.15014100 1.38486135 1.92619500 2.66218650 2.68162898 1.92983730 1.19521851 0.77452147 0.93612984 1.75103595 2.23411648 3.40023145 252.81892090 604.21062645 690.27808582 807.68623655 2414.43714450
800.17502272 402.64266587 249.58577541 1.50987119 1.40069236 1.20384422 1.54459207 2.42618260 1.43977659 1.58334515 1.62997204 2.27678757 2.34629795 2.89994108 3.34636842 1.42085592 5.00000000 5.00000000 5.00000000 5.00000000 5.00000000 5.00000000 5.00000000 5.00000000 5.00000000 5.00000000 5.00000000 5.00000000 5.00000000 5.00000000 5.00000000 5.00000000 5.00000000 5.00000000 5.00000000 5.00000000 5.00000000 5.00000000 1.82012081 1.39824523 0.75349179 0.57700771 1.27881000 2.18123259 5.42391053 2.63519649 1.97619138 1.86924230 2.29475219 2.47137312 2.96231759 2.43170255 1.92137228 2.18224246 4.54511710 3.90381366 1.70580474 1.38962651 1.35745180 1.92717492 3.26600268 2.71581819 3.76409578 2.99312046 2.03414784 3.36651723 252.54487635 407.02649861
249.10434652 1.24194155 1.63297256 1.42174665 1.48364207 1.39956949 1.69486099 2.48290319 2.33199947 1.95094915 2.11494709 2.73371827 2.77304371 3.39857981 3.08011515 2.34790736 5.00000000 5.00000000 5.00000000 5.00000000 5.00000000 5.00000000 5.00000000 5.00000000 5.00000000 5.00000000 5.00000000 5.00000000 5.00000000 5.00000000 5.00000000 5.00000000 5.00000000 0.47685437 0.50141757 0.58623958 0.72768652 0.93286910 2.46199850 1.70584544 1.01082280 0.74102250 1.25733906 2.65142719 3.86939322 3.68912301 2.46333374 2.27041757 2.50146190 3.76836588 3.68699427 3.04007562 3.30212622 4.70299401 5.59025122 4.71426813 3.27241338 2.48400222 2.19752784 3.17671458 3.64769478 2.80928724 2.88247152 1.88198440 1.60070170 3.05869189 3.24339900 3.28405646
1.25379989 1.61075470 1.78086878 1.82656423 1.89121119 2.31307180 2.64932441 2.90021390 3.14287747 2.63808401 2.10421860 1.96735740 2.48046305 3.16081126 2.91305914 2.38993907 5.00000000 5.00000000 5.00000000 5.00000000 5.00000000 5.00000000 5.00000000 5.00000000 5.00000000 5.00000000 5.00000000 5.00000000 1.08765848 1.41257620 2.22848732 1.54221521 1.14529718 0.68532466 0.71453742 1.03641925 1.54587562 1.33791317 1.74340624 2.42823692 2.07441948 2.97675291 2.56406442 2.77480138 2.15471380 1.79691505 1.54551364 1.96706772 1.76011891 2.53489633 3.53391835 3.18706423 4.59864365 8.84035059 7.36409049 3.48523925 3.25785118 3.77519323 5.67028094 6.29079292 4.26774253 2.60571489 2.38261378 1.90081593 2.93320794 3.05023385 2.64170246 3.63263453
1.88780101 1.77290870 1.60711240 1.91468876 2.06043452 2.04058238 1.54577948 2.85775109 2.87094356 2.91374161 2.03660971 1.11355235 1.53003685 1.89272686 2.32960003 2.46101962 5.00000000 5.00000000 5.00000000 5.00000000 5.00000000 5.00000000 0.69624165 0.62870780 0.59210540 0.62043925 0.69215373 1.07461218 1.25835340 1.94663136 2.21925763 2.50752748 2.76395378 3.59863973 2.64412574 2.93426626 2.88198345 2.08011610 2.52306183 3.02498464 3.13406035 3.01940714 3.14440302 3.52795591 2.63996166 1.69827816 1.91589303 2.03359233 1.73904077 2.47974897 3.56639060 3.02696455 4.88901054 4.89570191 4.22638872 3.28282059 2.34357025 4.15393451 5.41200161 5.67298480 4.61908125 3.49643895 2.92611476 3.14861479 3.07986617 2.50901233 1.46211357 1.56416850
2.18565264 1.71532120 1.52819080 2.24729210 1.76926640 2.05123856 1.33147863 2.17075308 2.23238266 2.05615743 1.78993488 1.29525895 1.13553810 1.24736535 2.06977343 2.26034651 3.01321896 2.35581569 3.04065143 1.89540299 1.60914003 2.08542981 1.75978291 1.49380719 1.14991587 0.97481351 1.24153887 1.35494923 1.74760891 2.28538943 2.80752260 2.56788338 2.71057106 3.23394708 3.20007915 2.93515701 3.33732617 3.57938867 4.10190765 3.93000508 2.98732770 2.62886421 2.84918993 2.75876908 2.14990706 1.64575537 1.73704111 3.61563220 2.99188459 5.01874085 7.91401691 6.53498204 5.79405569 4.67942727 4.20356192 3.32483304 3.62534994 3.99794223 3.75580045 3.41475594 2.97609428 2.47708659 2.14113762 2.00433187 2.35657608 1.18119983 0.95748079 0.98827668
2.81333222 2.25663101 1.60005993 2.01316585 2.32039709 2.36155949 2.61787976 2.53289957 2.46938246 2.21217144 1.72626494 1.37694196 1.12236948 2.84992087 2.83228373 2.68048926 3.69576582 3.30071368 1.57931005 1.91886971 2.81402944 3.81546487 5.19426675 2.12691843 3.58283955 1.40784098 1.64159827 3.64584873 2.26228082 1.39700936 1.68264068 2.71094002 2.46269196 2.42922382 2.51734138 1.98845239 1.92103703 2.60021180 3.66562857 4.09758288 3.36485571 3.55491721 4.22156512 3.55336782 5.06041305 3.82510333 4.24018139 4.88320878 5.66002656 6.60445172 7.15319285 6.45938146 5.37566194 4.07591064 3.19708562 2.87054088 2.73980070 2.29868416 1.50647787 1.25622317 1.27820194 0.99370048 0.98184912 1.05530622 0.98823598 1.13860282 1.43850941 1.69684189
3.05233663 3.13589730 2.73126338 2.61332985 2.80411242 3.01233781 3.01446443 2.46178435 2.16823365 2.03752430 1.45648150 1.20192587 2.13778289 2.85209517 2.55183422 2.45567031 4.39088460 4.24753130 0.99219877 2.57909995 3.78316929 4.56193501 5.07152736 3.65576699 3.19477534 2.91662214 3.14521159 3.82081637 4.05177443 3.99962759 4.11186450 3.76930432 2.76754761 1.72206227 1.49516516 1.46380679 2.57163868 1.94637540 2.87528308 7.02732307 8.65367666 5.32463884 5.28521026 5.50796625 5.62513889 5.30102441 4.57892261 4.02072957 3.55314269 3.50161378 2.86234868 2.02748817 1.48670015 1.32717770 1.40859488 2.16982163 1.56315776 1.08156906 1.07965071 0.58588239 0.66021735 1.01248794 1.06529238 0.92525485 0.94081442 0.87000501 5.00000000 5.00000000
2.83773137 3.07180296 3.16356281 3.02572169 2.97849372 2.86015053 2.63188158 2.36396591 2.28719478 1.61230409 0.93308862 1.18398509 2.19035625 2.42556467 3.60963116 1.99145990 4.55786831 3.98353074 2.32033953 3.92758179 4.50969202 4.79906389 3.48985857 3.23218244 2.94959234 3.57863388 3.78406791 4.65371296 4.94922059 4.57274402 5.58355907 5.04377269 3.51567803 2.67951223 1.87015689 2.58655510 4.14601388 5.92552681 4.11982458 5.33918629 5.88210094 5.63220734 4.80416719 3.96339104 3.03555943 2.54008801 2.34900181 2.37101838 2.03047183 1.59977025 1.02425960 0.52511084 0.67213775 0.94282996 2.33192245 3.96008978 2.13985319 2.40367508 1.27248472 0.86180891 0.58288187 5.00000000 5.00000000 5.00000000 5.00000000 5.00000000 5.00000000 5.00000000
3.30060155 2.38023818 2.90803714 2.33442275 1.99969280 1.78542567 1.57443188 1.79665909 2.12228924 2.07922535 1.62353750 1.74945496 1.63758701 2.27469466 2.96937006 3.40410963 4.27712214 4.21549256 3.52402394 3.42176771 3.41438698 3.77975012 4.17830982 3.66907247 4.24505956 6.27074238 6.36196446 6.51140919 7.56156355 7.50437873 6.23952085 5.53432523 4.35846004 3.82195609 4.24629543 3.97546840 3.64118794 3.22042024 2.89858522 2.22164021 2.27280015 3.20715547 3.54978795 2.85775109 1.91793826 1.76769446 3.01506787 3.71087690 2.19678901 1.98357365 0.69189303 5.00000000 5.00000000 5.00000000 5.00000000 5.00000000 5.00000000 5.00000000 5.00000000 5.00000000 5.00000000 5.00000000 5.00000000 5.00000000 5.00000000 5.00000000 5.00000000 5.00000000
5.22292214 4.04318042 3.79072758 5.56288149 2.14890418 1.82139638 1.76648114 2.00307914 2.29298754 1.92898724 1.78025085 1.44865826 2.36969624 3.98723060 5.17475486 5.79119114 6.44384711 5.33042462 3.20841518 1.90648958 2.15157643 2.64891475 3.53768762 5.74355350 4.09911541 3.63479286 6.12772644 5.64102534 6.99979354 7.09283694 5.72313400 3.96247645 3.04340651 3.02178972 3.10107330 2.55537339 1.77684067 1.68539222 2.07314291 3.08633355 3.78405411 3.90311170 4.04569270 2.67278826 2.50889563 1.80582133 5.00000000 5.00000000 5.00000000 5.00000000 5.00000000 5.00000000 5.00000000 5.00000000 5.00000000 5.00000000 5.00000000 5.00000000 5.00000000 5.00000000 5.00000000 5.00000000 5.00000000 5.00000000 5.00000000 5.00000000 5.00000000 5.00000000
8.45468793 4.74788011 4.31350252 5.15465462 3.13543918 1.78778441 2.04120031 2.06863371 1.42477101 0.95619723 0.91782708 0.99842793 3.37281579 5.90734316 4.12044252 6.20184217 5.98844196 4.20756330 2.43110147 1.54159853 1.31658606 1.47332324 1.71537876 1.43005884 1.34358595 1.74245793 3.09325704 2.57190452 2.93982691 3.02543202 2.23353925 1.60010063 1.07149921 1.03850517 1.43426363 1.76835879 2.25459355 1.70398465 2.34296706 4.57999688 9.19139488 5.00000000 5.00000000 5.00000000 5.00000000 5.00000000 5.00000000 5.00000000 5.00000000 5.00000000 5.00000000 5.00000000 5.00000000 5.00000000 5.00000000 5.00000000 5.00000000 5.00000000 5.00000000 5.00000000 5.00000000 5.00000000 5.00000000 5.00000000 5.00000000 5.00000000 5.00000000 5.00000000
5.32936418 3.39254707 3.00439458 3.68961196 2.99617854 2.19299479 1.87532473 1.64211307 2.09106683 2.07502056 2.17402641 2.34234214 5.53443736 3.88151739 2.29753745 4.01958286 3.91226481 3.87358114 2.76548631 1.31900934 1.18425791 1.05749040 1.58543319 1.60257935 1.35379264 1.61035202 1.64744859 1.36600520 0.90659366 0.90559978 1.34467110 1.38035214 1.03665136 1.36351738 1.64346947 1.73847177 3.75905836 2.37980882 2.50951294 3.87004399 5.00000000 5.00000000 5.00000000 5.00000000 5.00000000 5.00000000 5.00000000 5.00000000 5.00000000 5.00000000 5.00000000 5.00000000 5.00000000 5.00000000 5.00000000 5.00000000 5.00000000 5.00000000 5.00000000 5.00000000 5.00000000 5.00000000 5.00000000 5.00000000 5.00000000 5.00000000 5.00000000 5.00000000
3.34947419 2.11858938 1.98716884 2.89554401 2.55788584 2.85013824 3.83065410 3.45262814 3.16118022 2.83427351 2.59260382 2.95044937 2.67405472 2.93843733 2.26975894 2.88063457 3.56108591 3.32483304 2.34009553 1.49915956 1.30193548 0.95315602 0.91934275 1.21329613 1.11960107 0.85382190 1.06324246 0.98220122 0.86112335 1.64788898 2.87497208 3.71258376 1.69800429 1.85839106 1.77652017 5.00000000 5.00000000 5.00000000 5.00000000 5.00000000 5.00000000 5.00000000 5.00000000 5.00000000 5.00000000 5.00000000 5.00000000 5.00000000 5.00000000 5.00000000 5.00000000 5.00000000 5.00000000 5.00000000 5.00000000 5.00000000 5.00000000 5.00000000 5.00000000 5.00000000 5.00000000 5.00000000 5.00000000 5.00000000 5.00000000 5.00000000 5.00000000 5.00000000
2.00355324 1.98719268 2.65145103 3.57758332 3.06544770 2.91974265 4.18371065 3.47143583 3.25987256 1.91464806 1.59737081 1.01047768 0.84344552 1.51313754 1.55680251 1.63600680 1.44434046 1.73477066 1.24888801 1.39463376 1.36935084 1.59575899 1.88642218 1.62413858 1.73026145 1.63272359 1.35468340 1.13424467 1.47538533 4.03359942 3.52761829 5.00000000 5.00000000 5.00000000 5.00000000 5.00000000 5.00000000 5.00000000 5.00000000 5.00000000 5.00000000 5.00000000 5.00000000 5.00000000 5.00000000 5.00000000 5.00000000 5.00000000 5.00000000 5.00000000 5.00000000 5.00000000 5.00000000 5.00000000 5.00000000 5.00000000 5.00000000 5.00000000 5.00000000 5.00000000 5.00000000 5.00000000 5.00000000 5.00000000 5.00000000 5.00000000 5.00000000 5.00000000
